2.160000000000000142e+01
2.158640924908055680e+01
2.157401628245847647e+01
2.156261170026085239e+01
2.155203753533447752e+01
2.154217146577290620e+01
2.153291671774898575e+01
2.152419533903501403e+01
2.151594355784342838e+01
2.150810851447153027e+01
2.150064587105228497e+01
2.149351808917222684e+01
2.148669304973817873e+01
2.148014316137554047e+01
2.147384433881892818e+01
2.146777560539824847e+01
2.146191852839945113e+01
2.145625651639113940e+01
2.145077536656655681e+01
2.144546216191379173e+01
2.144030532743502349e+01
2.143529483969802030e+01
2.143042093029674788e+01
2.142567501654379214e+01
2.142104941566710608e+01
2.141653691956518912e+01
2.141213118874343735e+01
2.140782630625029981e+01
2.140361683523518366e+01
2.139949776805529069e+01
2.139546448197310369e+01
