/*--------------------------------*- C++ -*----------------------------------*\
| =========                 |                                                 |
| \\      /  F ield         | OpenFOAM: The Open Source CFD Toolbox           |
|  \\    /   O peration     | Version:  2.0.1                                 |
|   \\  /    A nd           | Web:      www.OpenFOAM.com                      |
|    \\/     M anipulation  |                                                 |
\*---------------------------------------------------------------------------*/
FoamFile
{
    version     2.0;
    format      ascii;
    class       vectorField;
    location    "constant/polyMesh";
    object      points;
}
// * * * * * * * * * * * * * * * * * * * * * * * * * * * * * * * * * * * * * //


2145
(
(0 0 0)
(0.055 0 0)
(0.11 0 0)
(0.165 0 0)
(0.22 0 0)
(0.05081339786 0.02104760247 0)
(0.1016267957 0.04209520494 0)
(0.1524401936 0.06314280742 0)
(0.2032535914 0.08419040989 0)
(0.03889089878 0.03889089877 0)
(0.07778179755 0.07778179755 0)
(0.1166726963 0.1166726963 0)
(0.1555635951 0.1555635951 0)
(0.02104760247 0.05081339786 0)
(0.04209520494 0.1016267957 0)
(0.06314280742 0.1524401936 0)
(0.08419040989 0.2032535914 0)
(0 0.055 0)
(0 0.11 0)
(0 0.165 0)
(0 0.22 0)
(0 0 0.0209375)
(0.055 0 0.0209375)
(0.11 0 0.0209375)
(0.165 0 0.0209375)
(0.22 0 0.0209375)
(0.05081339786 0.02104760247 0.0209375)
(0.1016267957 0.04209520494 0.0209375)
(0.1524401936 0.06314280742 0.0209375)
(0.2032535914 0.08419040989 0.0209375)
(0.03889089878 0.03889089877 0.0209375)
(0.07778179755 0.07778179755 0.0209375)
(0.1166726963 0.1166726963 0.0209375)
(0.1555635951 0.1555635951 0.0209375)
(0.02104760247 0.05081339786 0.0209375)
(0.04209520494 0.1016267957 0.0209375)
(0.06314280742 0.1524401936 0.0209375)
(0.08419040989 0.2032535914 0.0209375)
(0 0.055 0.0209375)
(0 0.11 0.0209375)
(0 0.165 0.0209375)
(0 0.22 0.0209375)
(0 0 0.041875)
(0.055 0 0.041875)
(0.11 0 0.041875)
(0.165 0 0.041875)
(0.22 0 0.041875)
(0.05081339786 0.02104760247 0.041875)
(0.1016267957 0.04209520494 0.041875)
(0.1524401936 0.06314280742 0.041875)
(0.2032535914 0.08419040989 0.041875)
(0.03889089878 0.03889089877 0.041875)
(0.07778179755 0.07778179755 0.041875)
(0.1166726963 0.1166726963 0.041875)
(0.1555635951 0.1555635951 0.041875)
(0.02104760247 0.05081339786 0.041875)
(0.04209520494 0.1016267957 0.041875)
(0.06314280742 0.1524401936 0.041875)
(0.08419040989 0.2032535914 0.041875)
(0 0.055 0.041875)
(0 0.11 0.041875)
(0 0.165 0.041875)
(0 0.22 0.041875)
(0 0 0.0628125)
(0.055 0 0.0628125)
(0.11 0 0.0628125)
(0.165 0 0.0628125)
(0.22 0 0.0628125)
(0.05081339786 0.02104760247 0.0628125)
(0.1016267957 0.04209520494 0.0628125)
(0.1524401936 0.06314280742 0.0628125)
(0.2032535914 0.08419040989 0.0628125)
(0.03889089878 0.03889089877 0.0628125)
(0.07778179755 0.07778179755 0.0628125)
(0.1166726963 0.1166726963 0.0628125)
(0.1555635951 0.1555635951 0.0628125)
(0.02104760247 0.05081339786 0.0628125)
(0.04209520494 0.1016267957 0.0628125)
(0.06314280742 0.1524401936 0.0628125)
(0.08419040989 0.2032535914 0.0628125)
(0 0.055 0.0628125)
(0 0.11 0.0628125)
(0 0.165 0.0628125)
(0 0.22 0.0628125)
(0 0 0.08375)
(0.055 0 0.08375)
(0.11 0 0.08375)
(0.165 0 0.08375)
(0.22 0 0.08375)
(0.05081339786 0.02104760247 0.08375)
(0.1016267957 0.04209520494 0.08375)
(0.1524401936 0.06314280742 0.08375)
(0.2032535914 0.08419040989 0.08375)
(0.03889089878 0.03889089877 0.08375)
(0.07778179755 0.07778179755 0.08375)
(0.1166726963 0.1166726963 0.08375)
(0.1555635951 0.1555635951 0.08375)
(0.02104760247 0.05081339786 0.08375)
(0.04209520494 0.1016267957 0.08375)
(0.06314280742 0.1524401936 0.08375)
(0.08419040989 0.2032535914 0.08375)
(0 0.055 0.08375)
(0 0.11 0.08375)
(0 0.165 0.08375)
(0 0.22 0.08375)
(0 0 0.1046875)
(0.055 0 0.1046875)
(0.11 0 0.1046875)
(0.165 0 0.1046875)
(0.22 0 0.1046875)
(0.05081339786 0.02104760247 0.1046875)
(0.1016267957 0.04209520494 0.1046875)
(0.1524401936 0.06314280742 0.1046875)
(0.2032535914 0.08419040989 0.1046875)
(0.03889089878 0.03889089877 0.1046875)
(0.07778179755 0.07778179755 0.1046875)
(0.1166726963 0.1166726963 0.1046875)
(0.1555635951 0.1555635951 0.1046875)
(0.02104760247 0.05081339786 0.1046875)
(0.04209520494 0.1016267957 0.1046875)
(0.06314280742 0.1524401936 0.1046875)
(0.08419040989 0.2032535914 0.1046875)
(0 0.055 0.1046875)
(0 0.11 0.1046875)
(0 0.165 0.1046875)
(0 0.22 0.1046875)
(0 0 0.125625)
(0.055 0 0.125625)
(0.11 0 0.125625)
(0.165 0 0.125625)
(0.22 0 0.125625)
(0.05081339786 0.02104760247 0.125625)
(0.1016267957 0.04209520494 0.125625)
(0.1524401936 0.06314280742 0.125625)
(0.2032535914 0.08419040989 0.125625)
(0.03889089878 0.03889089877 0.125625)
(0.07778179755 0.07778179755 0.125625)
(0.1166726963 0.1166726963 0.125625)
(0.1555635951 0.1555635951 0.125625)
(0.02104760247 0.05081339786 0.125625)
(0.04209520494 0.1016267957 0.125625)
(0.06314280742 0.1524401936 0.125625)
(0.08419040989 0.2032535914 0.125625)
(0 0.055 0.125625)
(0 0.11 0.125625)
(0 0.165 0.125625)
(0 0.22 0.125625)
(0 0 0.1465625)
(0.055 0 0.1465625)
(0.11 0 0.1465625)
(0.165 0 0.1465625)
(0.22 0 0.1465625)
(0.05081339786 0.02104760247 0.1465625)
(0.1016267957 0.04209520494 0.1465625)
(0.1524401936 0.06314280742 0.1465625)
(0.2032535914 0.08419040989 0.1465625)
(0.03889089878 0.03889089877 0.1465625)
(0.07778179755 0.07778179755 0.1465625)
(0.1166726963 0.1166726963 0.1465625)
(0.1555635951 0.1555635951 0.1465625)
(0.02104760247 0.05081339786 0.1465625)
(0.04209520494 0.1016267957 0.1465625)
(0.06314280742 0.1524401936 0.1465625)
(0.08419040989 0.2032535914 0.1465625)
(0 0.055 0.1465625)
(0 0.11 0.1465625)
(0 0.165 0.1465625)
(0 0.22 0.1465625)
(0 0 0.1675)
(0.055 0 0.1675)
(0.11 0 0.1675)
(0.165 0 0.1675)
(0.22 0 0.1675)
(0.05081339786 0.02104760247 0.1675)
(0.1016267957 0.04209520494 0.1675)
(0.1524401936 0.06314280742 0.1675)
(0.2032535914 0.08419040989 0.1675)
(0.03889089878 0.03889089877 0.1675)
(0.07778179755 0.07778179755 0.1675)
(0.1166726963 0.1166726963 0.1675)
(0.1555635951 0.1555635951 0.1675)
(0.02104760247 0.05081339786 0.1675)
(0.04209520494 0.1016267957 0.1675)
(0.06314280742 0.1524401936 0.1675)
(0.08419040989 0.2032535914 0.1675)
(0 0.055 0.1675)
(0 0.11 0.1675)
(0 0.165 0.1675)
(0 0.22 0.1675)
(0 0 0.1884375)
(0.055 0 0.1884375)
(0.11 0 0.1884375)
(0.165 0 0.1884375)
(0.22 0 0.1884375)
(0.05081339786 0.02104760247 0.1884375)
(0.1016267957 0.04209520494 0.1884375)
(0.1524401936 0.06314280742 0.1884375)
(0.2032535914 0.08419040989 0.1884375)
(0.03889089878 0.03889089877 0.1884375)
(0.07778179755 0.07778179755 0.1884375)
(0.1166726963 0.1166726963 0.1884375)
(0.1555635951 0.1555635951 0.1884375)
(0.02104760247 0.05081339786 0.1884375)
(0.04209520494 0.1016267957 0.1884375)
(0.06314280742 0.1524401936 0.1884375)
(0.08419040989 0.2032535914 0.1884375)
(0 0.055 0.1884375)
(0 0.11 0.1884375)
(0 0.165 0.1884375)
(0 0.22 0.1884375)
(0 0 0.209375)
(0.055 0 0.209375)
(0.11 0 0.209375)
(0.165 0 0.209375)
(0.22 0 0.209375)
(0.05081339786 0.02104760247 0.209375)
(0.1016267957 0.04209520494 0.209375)
(0.1524401936 0.06314280742 0.209375)
(0.2032535914 0.08419040989 0.209375)
(0.03889089878 0.03889089877 0.209375)
(0.07778179755 0.07778179755 0.209375)
(0.1166726963 0.1166726963 0.209375)
(0.1555635951 0.1555635951 0.209375)
(0.02104760247 0.05081339786 0.209375)
(0.04209520494 0.1016267957 0.209375)
(0.06314280742 0.1524401936 0.209375)
(0.08419040989 0.2032535914 0.209375)
(0 0.055 0.209375)
(0 0.11 0.209375)
(0 0.165 0.209375)
(0 0.22 0.209375)
(0 0 0.2303125)
(0.055 0 0.2303125)
(0.11 0 0.2303125)
(0.165 0 0.2303125)
(0.22 0 0.2303125)
(0.05081339786 0.02104760247 0.2303125)
(0.1016267957 0.04209520494 0.2303125)
(0.1524401936 0.06314280742 0.2303125)
(0.2032535914 0.08419040989 0.2303125)
(0.03889089878 0.03889089877 0.2303125)
(0.07778179755 0.07778179755 0.2303125)
(0.1166726963 0.1166726963 0.2303125)
(0.1555635951 0.1555635951 0.2303125)
(0.02104760247 0.05081339786 0.2303125)
(0.04209520494 0.1016267957 0.2303125)
(0.06314280742 0.1524401936 0.2303125)
(0.08419040989 0.2032535914 0.2303125)
(0 0.055 0.2303125)
(0 0.11 0.2303125)
(0 0.165 0.2303125)
(0 0.22 0.2303125)
(0 0 0.25125)
(0.055 0 0.25125)
(0.11 0 0.25125)
(0.165 0 0.25125)
(0.22 0 0.25125)
(0.05081339786 0.02104760247 0.25125)
(0.1016267957 0.04209520494 0.25125)
(0.1524401936 0.06314280742 0.25125)
(0.2032535914 0.08419040989 0.25125)
(0.03889089878 0.03889089877 0.25125)
(0.07778179755 0.07778179755 0.25125)
(0.1166726963 0.1166726963 0.25125)
(0.1555635951 0.1555635951 0.25125)
(0.02104760247 0.05081339786 0.25125)
(0.04209520494 0.1016267957 0.25125)
(0.06314280742 0.1524401936 0.25125)
(0.08419040989 0.2032535914 0.25125)
(0 0.055 0.25125)
(0 0.11 0.25125)
(0 0.165 0.25125)
(0 0.22 0.25125)
(0 0 0.2721875)
(0.055 0 0.2721875)
(0.11 0 0.2721875)
(0.165 0 0.2721875)
(0.22 0 0.2721875)
(0.05081339786 0.02104760247 0.2721875)
(0.1016267957 0.04209520494 0.2721875)
(0.1524401936 0.06314280742 0.2721875)
(0.2032535914 0.08419040989 0.2721875)
(0.03889089878 0.03889089877 0.2721875)
(0.07778179755 0.07778179755 0.2721875)
(0.1166726963 0.1166726963 0.2721875)
(0.1555635951 0.1555635951 0.2721875)
(0.02104760247 0.05081339786 0.2721875)
(0.04209520494 0.1016267957 0.2721875)
(0.06314280742 0.1524401936 0.2721875)
(0.08419040989 0.2032535914 0.2721875)
(0 0.055 0.2721875)
(0 0.11 0.2721875)
(0 0.165 0.2721875)
(0 0.22 0.2721875)
(0 0 0.293125)
(0.055 0 0.293125)
(0.11 0 0.293125)
(0.165 0 0.293125)
(0.22 0 0.293125)
(0.05081339786 0.02104760247 0.293125)
(0.1016267957 0.04209520494 0.293125)
(0.1524401936 0.06314280742 0.293125)
(0.2032535914 0.08419040989 0.293125)
(0.03889089878 0.03889089877 0.293125)
(0.07778179755 0.07778179755 0.293125)
(0.1166726963 0.1166726963 0.293125)
(0.1555635951 0.1555635951 0.293125)
(0.02104760247 0.05081339786 0.293125)
(0.04209520494 0.1016267957 0.293125)
(0.06314280742 0.1524401936 0.293125)
(0.08419040989 0.2032535914 0.293125)
(0 0.055 0.293125)
(0 0.11 0.293125)
(0 0.165 0.293125)
(0 0.22 0.293125)
(0 0 0.3140625)
(0.055 0 0.3140625)
(0.11 0 0.3140625)
(0.165 0 0.3140625)
(0.22 0 0.3140625)
(0.05081339786 0.02104760247 0.3140625)
(0.1016267957 0.04209520494 0.3140625)
(0.1524401936 0.06314280742 0.3140625)
(0.2032535914 0.08419040989 0.3140625)
(0.03889089878 0.03889089877 0.3140625)
(0.07778179755 0.07778179755 0.3140625)
(0.1166726963 0.1166726963 0.3140625)
(0.1555635951 0.1555635951 0.3140625)
(0.02104760247 0.05081339786 0.3140625)
(0.04209520494 0.1016267957 0.3140625)
(0.06314280742 0.1524401936 0.3140625)
(0.08419040989 0.2032535914 0.3140625)
(0 0.055 0.3140625)
(0 0.11 0.3140625)
(0 0.165 0.3140625)
(0 0.22 0.3140625)
(0 0 0.335)
(0.055 0 0.335)
(0.11 0 0.335)
(0.165 0 0.335)
(0.22 0 0.335)
(0.05081339786 0.02104760247 0.335)
(0.1016267957 0.04209520494 0.335)
(0.1524401936 0.06314280742 0.335)
(0.2032535914 0.08419040989 0.335)
(0.03889089878 0.03889089877 0.335)
(0.07778179755 0.07778179755 0.335)
(0.1166726963 0.1166726963 0.335)
(0.1555635951 0.1555635951 0.335)
(0.02104760247 0.05081339786 0.335)
(0.04209520494 0.1016267957 0.335)
(0.06314280742 0.1524401936 0.335)
(0.08419040989 0.2032535914 0.335)
(0 0.055 0.335)
(0 0.11 0.335)
(0 0.165 0.335)
(0 0.22 0.335)
(0 0 0.3559375)
(0.055 0 0.3559375)
(0.11 0 0.3559375)
(0.165 0 0.3559375)
(0.22 0 0.3559375)
(0.05081339786 0.02104760247 0.3559375)
(0.1016267957 0.04209520494 0.3559375)
(0.1524401936 0.06314280742 0.3559375)
(0.2032535914 0.08419040989 0.3559375)
(0.03889089878 0.03889089877 0.3559375)
(0.07778179755 0.07778179755 0.3559375)
(0.1166726963 0.1166726963 0.3559375)
(0.1555635951 0.1555635951 0.3559375)
(0.02104760247 0.05081339786 0.3559375)
(0.04209520494 0.1016267957 0.3559375)
(0.06314280742 0.1524401936 0.3559375)
(0.08419040989 0.2032535914 0.3559375)
(0 0.055 0.3559375)
(0 0.11 0.3559375)
(0 0.165 0.3559375)
(0 0.22 0.3559375)
(0 0 0.376875)
(0.055 0 0.376875)
(0.11 0 0.376875)
(0.165 0 0.376875)
(0.22 0 0.376875)
(0.05081339786 0.02104760247 0.376875)
(0.1016267957 0.04209520494 0.376875)
(0.1524401936 0.06314280742 0.376875)
(0.2032535914 0.08419040989 0.376875)
(0.03889089878 0.03889089877 0.376875)
(0.07778179755 0.07778179755 0.376875)
(0.1166726963 0.1166726963 0.376875)
(0.1555635951 0.1555635951 0.376875)
(0.02104760247 0.05081339786 0.376875)
(0.04209520494 0.1016267957 0.376875)
(0.06314280742 0.1524401936 0.376875)
(0.08419040989 0.2032535914 0.376875)
(0 0.055 0.376875)
(0 0.11 0.376875)
(0 0.165 0.376875)
(0 0.22 0.376875)
(0 0 0.3978125)
(0.055 0 0.3978125)
(0.11 0 0.3978125)
(0.165 0 0.3978125)
(0.22 0 0.3978125)
(0.05081339786 0.02104760247 0.3978125)
(0.1016267957 0.04209520494 0.3978125)
(0.1524401936 0.06314280742 0.3978125)
(0.2032535914 0.08419040989 0.3978125)
(0.03889089878 0.03889089877 0.3978125)
(0.07778179755 0.07778179755 0.3978125)
(0.1166726963 0.1166726963 0.3978125)
(0.1555635951 0.1555635951 0.3978125)
(0.02104760247 0.05081339786 0.3978125)
(0.04209520494 0.1016267957 0.3978125)
(0.06314280742 0.1524401936 0.3978125)
(0.08419040989 0.2032535914 0.3978125)
(0 0.055 0.3978125)
(0 0.11 0.3978125)
(0 0.165 0.3978125)
(0 0.22 0.3978125)
(0 0 0.41875)
(0.055 0 0.41875)
(0.11 0 0.41875)
(0.165 0 0.41875)
(0.22 0 0.41875)
(0.05081339786 0.02104760247 0.41875)
(0.1016267957 0.04209520494 0.41875)
(0.1524401936 0.06314280742 0.41875)
(0.2032535914 0.08419040989 0.41875)
(0.03889089878 0.03889089877 0.41875)
(0.07778179755 0.07778179755 0.41875)
(0.1166726963 0.1166726963 0.41875)
(0.1555635951 0.1555635951 0.41875)
(0.02104760247 0.05081339786 0.41875)
(0.04209520494 0.1016267957 0.41875)
(0.06314280742 0.1524401936 0.41875)
(0.08419040989 0.2032535914 0.41875)
(0 0.055 0.41875)
(0 0.11 0.41875)
(0 0.165 0.41875)
(0 0.22 0.41875)
(0 0 0.4396875)
(0.055 0 0.4396875)
(0.11 0 0.4396875)
(0.165 0 0.4396875)
(0.22 0 0.4396875)
(0.05081339786 0.02104760247 0.4396875)
(0.1016267957 0.04209520494 0.4396875)
(0.1524401936 0.06314280742 0.4396875)
(0.2032535914 0.08419040989 0.4396875)
(0.03889089878 0.03889089877 0.4396875)
(0.07778179755 0.07778179755 0.4396875)
(0.1166726963 0.1166726963 0.4396875)
(0.1555635951 0.1555635951 0.4396875)
(0.02104760247 0.05081339786 0.4396875)
(0.04209520494 0.1016267957 0.4396875)
(0.06314280742 0.1524401936 0.4396875)
(0.08419040989 0.2032535914 0.4396875)
(0 0.055 0.4396875)
(0 0.11 0.4396875)
(0 0.165 0.4396875)
(0 0.22 0.4396875)
(0 0 0.460625)
(0.055 0 0.460625)
(0.11 0 0.460625)
(0.165 0 0.460625)
(0.22 0 0.460625)
(0.05081339786 0.02104760247 0.460625)
(0.1016267957 0.04209520494 0.460625)
(0.1524401936 0.06314280742 0.460625)
(0.2032535914 0.08419040989 0.460625)
(0.03889089878 0.03889089877 0.460625)
(0.07778179755 0.07778179755 0.460625)
(0.1166726963 0.1166726963 0.460625)
(0.1555635951 0.1555635951 0.460625)
(0.02104760247 0.05081339786 0.460625)
(0.04209520494 0.1016267957 0.460625)
(0.06314280742 0.1524401936 0.460625)
(0.08419040989 0.2032535914 0.460625)
(0 0.055 0.460625)
(0 0.11 0.460625)
(0 0.165 0.460625)
(0 0.22 0.460625)
(0 0 0.4815625)
(0.055 0 0.4815625)
(0.11 0 0.4815625)
(0.165 0 0.4815625)
(0.22 0 0.4815625)
(0.05081339786 0.02104760247 0.4815625)
(0.1016267957 0.04209520494 0.4815625)
(0.1524401936 0.06314280742 0.4815625)
(0.2032535914 0.08419040989 0.4815625)
(0.03889089878 0.03889089877 0.4815625)
(0.07778179755 0.07778179755 0.4815625)
(0.1166726963 0.1166726963 0.4815625)
(0.1555635951 0.1555635951 0.4815625)
(0.02104760247 0.05081339786 0.4815625)
(0.04209520494 0.1016267957 0.4815625)
(0.06314280742 0.1524401936 0.4815625)
(0.08419040989 0.2032535914 0.4815625)
(0 0.055 0.4815625)
(0 0.11 0.4815625)
(0 0.165 0.4815625)
(0 0.22 0.4815625)
(0 0 0.5025)
(0.055 0 0.5025)
(0.11 0 0.5025)
(0.165 0 0.5025)
(0.22 0 0.5025)
(0.05081339786 0.02104760247 0.5025)
(0.1016267957 0.04209520494 0.5025)
(0.1524401936 0.06314280742 0.5025)
(0.2032535914 0.08419040989 0.5025)
(0.03889089878 0.03889089877 0.5025)
(0.07778179755 0.07778179755 0.5025)
(0.1166726963 0.1166726963 0.5025)
(0.1555635951 0.1555635951 0.5025)
(0.02104760247 0.05081339786 0.5025)
(0.04209520494 0.1016267957 0.5025)
(0.06314280742 0.1524401936 0.5025)
(0.08419040989 0.2032535914 0.5025)
(0 0.055 0.5025)
(0 0.11 0.5025)
(0 0.165 0.5025)
(0 0.22 0.5025)
(0 0 0.5234375)
(0.055 0 0.5234375)
(0.11 0 0.5234375)
(0.165 0 0.5234375)
(0.22 0 0.5234375)
(0.05081339786 0.02104760247 0.5234375)
(0.1016267957 0.04209520494 0.5234375)
(0.1524401936 0.06314280742 0.5234375)
(0.2032535914 0.08419040989 0.5234375)
(0.03889089878 0.03889089877 0.5234375)
(0.07778179755 0.07778179755 0.5234375)
(0.1166726963 0.1166726963 0.5234375)
(0.1555635951 0.1555635951 0.5234375)
(0.02104760247 0.05081339786 0.5234375)
(0.04209520494 0.1016267957 0.5234375)
(0.06314280742 0.1524401936 0.5234375)
(0.08419040989 0.2032535914 0.5234375)
(0 0.055 0.5234375)
(0 0.11 0.5234375)
(0 0.165 0.5234375)
(0 0.22 0.5234375)
(0 0 0.544375)
(0.055 0 0.544375)
(0.11 0 0.544375)
(0.165 0 0.544375)
(0.22 0 0.544375)
(0.05081339786 0.02104760247 0.544375)
(0.1016267957 0.04209520494 0.544375)
(0.1524401936 0.06314280742 0.544375)
(0.2032535914 0.08419040989 0.544375)
(0.03889089878 0.03889089877 0.544375)
(0.07778179755 0.07778179755 0.544375)
(0.1166726963 0.1166726963 0.544375)
(0.1555635951 0.1555635951 0.544375)
(0.02104760247 0.05081339786 0.544375)
(0.04209520494 0.1016267957 0.544375)
(0.06314280742 0.1524401936 0.544375)
(0.08419040989 0.2032535914 0.544375)
(0 0.055 0.544375)
(0 0.11 0.544375)
(0 0.165 0.544375)
(0 0.22 0.544375)
(0 0 0.5653125)
(0.055 0 0.5653125)
(0.11 0 0.5653125)
(0.165 0 0.5653125)
(0.22 0 0.5653125)
(0.05081339786 0.02104760247 0.5653125)
(0.1016267957 0.04209520494 0.5653125)
(0.1524401936 0.06314280742 0.5653125)
(0.2032535914 0.08419040989 0.5653125)
(0.03889089878 0.03889089877 0.5653125)
(0.07778179755 0.07778179755 0.5653125)
(0.1166726963 0.1166726963 0.5653125)
(0.1555635951 0.1555635951 0.5653125)
(0.02104760247 0.05081339786 0.5653125)
(0.04209520494 0.1016267957 0.5653125)
(0.06314280742 0.1524401936 0.5653125)
(0.08419040989 0.2032535914 0.5653125)
(0 0.055 0.5653125)
(0 0.11 0.5653125)
(0 0.165 0.5653125)
(0 0.22 0.5653125)
(0 0 0.58625)
(0.055 0 0.58625)
(0.11 0 0.58625)
(0.165 0 0.58625)
(0.22 0 0.58625)
(0.05081339786 0.02104760247 0.58625)
(0.1016267957 0.04209520494 0.58625)
(0.1524401936 0.06314280742 0.58625)
(0.2032535914 0.08419040989 0.58625)
(0.03889089878 0.03889089877 0.58625)
(0.07778179755 0.07778179755 0.58625)
(0.1166726963 0.1166726963 0.58625)
(0.1555635951 0.1555635951 0.58625)
(0.02104760247 0.05081339786 0.58625)
(0.04209520494 0.1016267957 0.58625)
(0.06314280742 0.1524401936 0.58625)
(0.08419040989 0.2032535914 0.58625)
(0 0.055 0.58625)
(0 0.11 0.58625)
(0 0.165 0.58625)
(0 0.22 0.58625)
(0 0 0.6071875)
(0.055 0 0.6071875)
(0.11 0 0.6071875)
(0.165 0 0.6071875)
(0.22 0 0.6071875)
(0.05081339786 0.02104760247 0.6071875)
(0.1016267957 0.04209520494 0.6071875)
(0.1524401936 0.06314280742 0.6071875)
(0.2032535914 0.08419040989 0.6071875)
(0.03889089878 0.03889089877 0.6071875)
(0.07778179755 0.07778179755 0.6071875)
(0.1166726963 0.1166726963 0.6071875)
(0.1555635951 0.1555635951 0.6071875)
(0.02104760247 0.05081339786 0.6071875)
(0.04209520494 0.1016267957 0.6071875)
(0.06314280742 0.1524401936 0.6071875)
(0.08419040989 0.2032535914 0.6071875)
(0 0.055 0.6071875)
(0 0.11 0.6071875)
(0 0.165 0.6071875)
(0 0.22 0.6071875)
(0 0 0.628125)
(0.055 0 0.628125)
(0.11 0 0.628125)
(0.165 0 0.628125)
(0.22 0 0.628125)
(0.05081339786 0.02104760247 0.628125)
(0.1016267957 0.04209520494 0.628125)
(0.1524401936 0.06314280742 0.628125)
(0.2032535914 0.08419040989 0.628125)
(0.03889089878 0.03889089877 0.628125)
(0.07778179755 0.07778179755 0.628125)
(0.1166726963 0.1166726963 0.628125)
(0.1555635951 0.1555635951 0.628125)
(0.02104760247 0.05081339786 0.628125)
(0.04209520494 0.1016267957 0.628125)
(0.06314280742 0.1524401936 0.628125)
(0.08419040989 0.2032535914 0.628125)
(0 0.055 0.628125)
(0 0.11 0.628125)
(0 0.165 0.628125)
(0 0.22 0.628125)
(0 0 0.6490625)
(0.055 0 0.6490625)
(0.11 0 0.6490625)
(0.165 0 0.6490625)
(0.22 0 0.6490625)
(0.05081339786 0.02104760247 0.6490625)
(0.1016267957 0.04209520494 0.6490625)
(0.1524401936 0.06314280742 0.6490625)
(0.2032535914 0.08419040989 0.6490625)
(0.03889089878 0.03889089877 0.6490625)
(0.07778179755 0.07778179755 0.6490625)
(0.1166726963 0.1166726963 0.6490625)
(0.1555635951 0.1555635951 0.6490625)
(0.02104760247 0.05081339786 0.6490625)
(0.04209520494 0.1016267957 0.6490625)
(0.06314280742 0.1524401936 0.6490625)
(0.08419040989 0.2032535914 0.6490625)
(0 0.055 0.6490625)
(0 0.11 0.6490625)
(0 0.165 0.6490625)
(0 0.22 0.6490625)
(0 0 0.67)
(0.055 0 0.67)
(0.11 0 0.67)
(0.165 0 0.67)
(0.22 0 0.67)
(0.05081339786 0.02104760247 0.67)
(0.1016267957 0.04209520494 0.67)
(0.1524401936 0.06314280742 0.67)
(0.2032535914 0.08419040989 0.67)
(0.03889089878 0.03889089877 0.67)
(0.07778179755 0.07778179755 0.67)
(0.1166726963 0.1166726963 0.67)
(0.1555635951 0.1555635951 0.67)
(0.02104760247 0.05081339786 0.67)
(0.04209520494 0.1016267957 0.67)
(0.06314280742 0.1524401936 0.67)
(0.08419040989 0.2032535914 0.67)
(0 0.055 0.67)
(0 0.11 0.67)
(0 0.165 0.67)
(0 0.22 0.67)
(-0.02104760247 0.05081339786 0)
(-0.04209520494 0.1016267957 0)
(-0.06314280742 0.1524401936 0)
(-0.08419040989 0.2032535914 0)
(-0.03889089877 0.03889089878 0)
(-0.07778179755 0.07778179755 0)
(-0.1166726963 0.1166726963 0)
(-0.1555635951 0.1555635951 0)
(-0.05081339786 0.02104760247 0)
(-0.1016267957 0.04209520494 0)
(-0.1524401936 0.06314280742 0)
(-0.2032535914 0.08419040989 0)
(-0.055 0 0)
(-0.11 0 0)
(-0.165 0 0)
(-0.22 0 0)
(-0.02104760247 0.05081339786 0.0209375)
(-0.04209520494 0.1016267957 0.0209375)
(-0.06314280742 0.1524401936 0.0209375)
(-0.08419040989 0.2032535914 0.0209375)
(-0.03889089877 0.03889089878 0.0209375)
(-0.07778179755 0.07778179755 0.0209375)
(-0.1166726963 0.1166726963 0.0209375)
(-0.1555635951 0.1555635951 0.0209375)
(-0.05081339786 0.02104760247 0.0209375)
(-0.1016267957 0.04209520494 0.0209375)
(-0.1524401936 0.06314280742 0.0209375)
(-0.2032535914 0.08419040989 0.0209375)
(-0.055 0 0.0209375)
(-0.11 0 0.0209375)
(-0.165 0 0.0209375)
(-0.22 0 0.0209375)
(-0.02104760247 0.05081339786 0.041875)
(-0.04209520494 0.1016267957 0.041875)
(-0.06314280742 0.1524401936 0.041875)
(-0.08419040989 0.2032535914 0.041875)
(-0.03889089877 0.03889089878 0.041875)
(-0.07778179755 0.07778179755 0.041875)
(-0.1166726963 0.1166726963 0.041875)
(-0.1555635951 0.1555635951 0.041875)
(-0.05081339786 0.02104760247 0.041875)
(-0.1016267957 0.04209520494 0.041875)
(-0.1524401936 0.06314280742 0.041875)
(-0.2032535914 0.08419040989 0.041875)
(-0.055 0 0.041875)
(-0.11 0 0.041875)
(-0.165 0 0.041875)
(-0.22 0 0.041875)
(-0.02104760247 0.05081339786 0.0628125)
(-0.04209520494 0.1016267957 0.0628125)
(-0.06314280742 0.1524401936 0.0628125)
(-0.08419040989 0.2032535914 0.0628125)
(-0.03889089877 0.03889089878 0.0628125)
(-0.07778179755 0.07778179755 0.0628125)
(-0.1166726963 0.1166726963 0.0628125)
(-0.1555635951 0.1555635951 0.0628125)
(-0.05081339786 0.02104760247 0.0628125)
(-0.1016267957 0.04209520494 0.0628125)
(-0.1524401936 0.06314280742 0.0628125)
(-0.2032535914 0.08419040989 0.0628125)
(-0.055 0 0.0628125)
(-0.11 0 0.0628125)
(-0.165 0 0.0628125)
(-0.22 0 0.0628125)
(-0.02104760247 0.05081339786 0.08375)
(-0.04209520494 0.1016267957 0.08375)
(-0.06314280742 0.1524401936 0.08375)
(-0.08419040989 0.2032535914 0.08375)
(-0.03889089877 0.03889089878 0.08375)
(-0.07778179755 0.07778179755 0.08375)
(-0.1166726963 0.1166726963 0.08375)
(-0.1555635951 0.1555635951 0.08375)
(-0.05081339786 0.02104760247 0.08375)
(-0.1016267957 0.04209520494 0.08375)
(-0.1524401936 0.06314280742 0.08375)
(-0.2032535914 0.08419040989 0.08375)
(-0.055 0 0.08375)
(-0.11 0 0.08375)
(-0.165 0 0.08375)
(-0.22 0 0.08375)
(-0.02104760247 0.05081339786 0.1046875)
(-0.04209520494 0.1016267957 0.1046875)
(-0.06314280742 0.1524401936 0.1046875)
(-0.08419040989 0.2032535914 0.1046875)
(-0.03889089877 0.03889089878 0.1046875)
(-0.07778179755 0.07778179755 0.1046875)
(-0.1166726963 0.1166726963 0.1046875)
(-0.1555635951 0.1555635951 0.1046875)
(-0.05081339786 0.02104760247 0.1046875)
(-0.1016267957 0.04209520494 0.1046875)
(-0.1524401936 0.06314280742 0.1046875)
(-0.2032535914 0.08419040989 0.1046875)
(-0.055 0 0.1046875)
(-0.11 0 0.1046875)
(-0.165 0 0.1046875)
(-0.22 0 0.1046875)
(-0.02104760247 0.05081339786 0.125625)
(-0.04209520494 0.1016267957 0.125625)
(-0.06314280742 0.1524401936 0.125625)
(-0.08419040989 0.2032535914 0.125625)
(-0.03889089877 0.03889089878 0.125625)
(-0.07778179755 0.07778179755 0.125625)
(-0.1166726963 0.1166726963 0.125625)
(-0.1555635951 0.1555635951 0.125625)
(-0.05081339786 0.02104760247 0.125625)
(-0.1016267957 0.04209520494 0.125625)
(-0.1524401936 0.06314280742 0.125625)
(-0.2032535914 0.08419040989 0.125625)
(-0.055 0 0.125625)
(-0.11 0 0.125625)
(-0.165 0 0.125625)
(-0.22 0 0.125625)
(-0.02104760247 0.05081339786 0.1465625)
(-0.04209520494 0.1016267957 0.1465625)
(-0.06314280742 0.1524401936 0.1465625)
(-0.08419040989 0.2032535914 0.1465625)
(-0.03889089877 0.03889089878 0.1465625)
(-0.07778179755 0.07778179755 0.1465625)
(-0.1166726963 0.1166726963 0.1465625)
(-0.1555635951 0.1555635951 0.1465625)
(-0.05081339786 0.02104760247 0.1465625)
(-0.1016267957 0.04209520494 0.1465625)
(-0.1524401936 0.06314280742 0.1465625)
(-0.2032535914 0.08419040989 0.1465625)
(-0.055 0 0.1465625)
(-0.11 0 0.1465625)
(-0.165 0 0.1465625)
(-0.22 0 0.1465625)
(-0.02104760247 0.05081339786 0.1675)
(-0.04209520494 0.1016267957 0.1675)
(-0.06314280742 0.1524401936 0.1675)
(-0.08419040989 0.2032535914 0.1675)
(-0.03889089877 0.03889089878 0.1675)
(-0.07778179755 0.07778179755 0.1675)
(-0.1166726963 0.1166726963 0.1675)
(-0.1555635951 0.1555635951 0.1675)
(-0.05081339786 0.02104760247 0.1675)
(-0.1016267957 0.04209520494 0.1675)
(-0.1524401936 0.06314280742 0.1675)
(-0.2032535914 0.08419040989 0.1675)
(-0.055 0 0.1675)
(-0.11 0 0.1675)
(-0.165 0 0.1675)
(-0.22 0 0.1675)
(-0.02104760247 0.05081339786 0.1884375)
(-0.04209520494 0.1016267957 0.1884375)
(-0.06314280742 0.1524401936 0.1884375)
(-0.08419040989 0.2032535914 0.1884375)
(-0.03889089877 0.03889089878 0.1884375)
(-0.07778179755 0.07778179755 0.1884375)
(-0.1166726963 0.1166726963 0.1884375)
(-0.1555635951 0.1555635951 0.1884375)
(-0.05081339786 0.02104760247 0.1884375)
(-0.1016267957 0.04209520494 0.1884375)
(-0.1524401936 0.06314280742 0.1884375)
(-0.2032535914 0.08419040989 0.1884375)
(-0.055 0 0.1884375)
(-0.11 0 0.1884375)
(-0.165 0 0.1884375)
(-0.22 0 0.1884375)
(-0.02104760247 0.05081339786 0.209375)
(-0.04209520494 0.1016267957 0.209375)
(-0.06314280742 0.1524401936 0.209375)
(-0.08419040989 0.2032535914 0.209375)
(-0.03889089877 0.03889089878 0.209375)
(-0.07778179755 0.07778179755 0.209375)
(-0.1166726963 0.1166726963 0.209375)
(-0.1555635951 0.1555635951 0.209375)
(-0.05081339786 0.02104760247 0.209375)
(-0.1016267957 0.04209520494 0.209375)
(-0.1524401936 0.06314280742 0.209375)
(-0.2032535914 0.08419040989 0.209375)
(-0.055 0 0.209375)
(-0.11 0 0.209375)
(-0.165 0 0.209375)
(-0.22 0 0.209375)
(-0.02104760247 0.05081339786 0.2303125)
(-0.04209520494 0.1016267957 0.2303125)
(-0.06314280742 0.1524401936 0.2303125)
(-0.08419040989 0.2032535914 0.2303125)
(-0.03889089877 0.03889089878 0.2303125)
(-0.07778179755 0.07778179755 0.2303125)
(-0.1166726963 0.1166726963 0.2303125)
(-0.1555635951 0.1555635951 0.2303125)
(-0.05081339786 0.02104760247 0.2303125)
(-0.1016267957 0.04209520494 0.2303125)
(-0.1524401936 0.06314280742 0.2303125)
(-0.2032535914 0.08419040989 0.2303125)
(-0.055 0 0.2303125)
(-0.11 0 0.2303125)
(-0.165 0 0.2303125)
(-0.22 0 0.2303125)
(-0.02104760247 0.05081339786 0.25125)
(-0.04209520494 0.1016267957 0.25125)
(-0.06314280742 0.1524401936 0.25125)
(-0.08419040989 0.2032535914 0.25125)
(-0.03889089877 0.03889089878 0.25125)
(-0.07778179755 0.07778179755 0.25125)
(-0.1166726963 0.1166726963 0.25125)
(-0.1555635951 0.1555635951 0.25125)
(-0.05081339786 0.02104760247 0.25125)
(-0.1016267957 0.04209520494 0.25125)
(-0.1524401936 0.06314280742 0.25125)
(-0.2032535914 0.08419040989 0.25125)
(-0.055 0 0.25125)
(-0.11 0 0.25125)
(-0.165 0 0.25125)
(-0.22 0 0.25125)
(-0.02104760247 0.05081339786 0.2721875)
(-0.04209520494 0.1016267957 0.2721875)
(-0.06314280742 0.1524401936 0.2721875)
(-0.08419040989 0.2032535914 0.2721875)
(-0.03889089877 0.03889089878 0.2721875)
(-0.07778179755 0.07778179755 0.2721875)
(-0.1166726963 0.1166726963 0.2721875)
(-0.1555635951 0.1555635951 0.2721875)
(-0.05081339786 0.02104760247 0.2721875)
(-0.1016267957 0.04209520494 0.2721875)
(-0.1524401936 0.06314280742 0.2721875)
(-0.2032535914 0.08419040989 0.2721875)
(-0.055 0 0.2721875)
(-0.11 0 0.2721875)
(-0.165 0 0.2721875)
(-0.22 0 0.2721875)
(-0.02104760247 0.05081339786 0.293125)
(-0.04209520494 0.1016267957 0.293125)
(-0.06314280742 0.1524401936 0.293125)
(-0.08419040989 0.2032535914 0.293125)
(-0.03889089877 0.03889089878 0.293125)
(-0.07778179755 0.07778179755 0.293125)
(-0.1166726963 0.1166726963 0.293125)
(-0.1555635951 0.1555635951 0.293125)
(-0.05081339786 0.02104760247 0.293125)
(-0.1016267957 0.04209520494 0.293125)
(-0.1524401936 0.06314280742 0.293125)
(-0.2032535914 0.08419040989 0.293125)
(-0.055 0 0.293125)
(-0.11 0 0.293125)
(-0.165 0 0.293125)
(-0.22 0 0.293125)
(-0.02104760247 0.05081339786 0.3140625)
(-0.04209520494 0.1016267957 0.3140625)
(-0.06314280742 0.1524401936 0.3140625)
(-0.08419040989 0.2032535914 0.3140625)
(-0.03889089877 0.03889089878 0.3140625)
(-0.07778179755 0.07778179755 0.3140625)
(-0.1166726963 0.1166726963 0.3140625)
(-0.1555635951 0.1555635951 0.3140625)
(-0.05081339786 0.02104760247 0.3140625)
(-0.1016267957 0.04209520494 0.3140625)
(-0.1524401936 0.06314280742 0.3140625)
(-0.2032535914 0.08419040989 0.3140625)
(-0.055 0 0.3140625)
(-0.11 0 0.3140625)
(-0.165 0 0.3140625)
(-0.22 0 0.3140625)
(-0.02104760247 0.05081339786 0.335)
(-0.04209520494 0.1016267957 0.335)
(-0.06314280742 0.1524401936 0.335)
(-0.08419040989 0.2032535914 0.335)
(-0.03889089877 0.03889089878 0.335)
(-0.07778179755 0.07778179755 0.335)
(-0.1166726963 0.1166726963 0.335)
(-0.1555635951 0.1555635951 0.335)
(-0.05081339786 0.02104760247 0.335)
(-0.1016267957 0.04209520494 0.335)
(-0.1524401936 0.06314280742 0.335)
(-0.2032535914 0.08419040989 0.335)
(-0.055 0 0.335)
(-0.11 0 0.335)
(-0.165 0 0.335)
(-0.22 0 0.335)
(-0.02104760247 0.05081339786 0.3559375)
(-0.04209520494 0.1016267957 0.3559375)
(-0.06314280742 0.1524401936 0.3559375)
(-0.08419040989 0.2032535914 0.3559375)
(-0.03889089877 0.03889089878 0.3559375)
(-0.07778179755 0.07778179755 0.3559375)
(-0.1166726963 0.1166726963 0.3559375)
(-0.1555635951 0.1555635951 0.3559375)
(-0.05081339786 0.02104760247 0.3559375)
(-0.1016267957 0.04209520494 0.3559375)
(-0.1524401936 0.06314280742 0.3559375)
(-0.2032535914 0.08419040989 0.3559375)
(-0.055 0 0.3559375)
(-0.11 0 0.3559375)
(-0.165 0 0.3559375)
(-0.22 0 0.3559375)
(-0.02104760247 0.05081339786 0.376875)
(-0.04209520494 0.1016267957 0.376875)
(-0.06314280742 0.1524401936 0.376875)
(-0.08419040989 0.2032535914 0.376875)
(-0.03889089877 0.03889089878 0.376875)
(-0.07778179755 0.07778179755 0.376875)
(-0.1166726963 0.1166726963 0.376875)
(-0.1555635951 0.1555635951 0.376875)
(-0.05081339786 0.02104760247 0.376875)
(-0.1016267957 0.04209520494 0.376875)
(-0.1524401936 0.06314280742 0.376875)
(-0.2032535914 0.08419040989 0.376875)
(-0.055 0 0.376875)
(-0.11 0 0.376875)
(-0.165 0 0.376875)
(-0.22 0 0.376875)
(-0.02104760247 0.05081339786 0.3978125)
(-0.04209520494 0.1016267957 0.3978125)
(-0.06314280742 0.1524401936 0.3978125)
(-0.08419040989 0.2032535914 0.3978125)
(-0.03889089877 0.03889089878 0.3978125)
(-0.07778179755 0.07778179755 0.3978125)
(-0.1166726963 0.1166726963 0.3978125)
(-0.1555635951 0.1555635951 0.3978125)
(-0.05081339786 0.02104760247 0.3978125)
(-0.1016267957 0.04209520494 0.3978125)
(-0.1524401936 0.06314280742 0.3978125)
(-0.2032535914 0.08419040989 0.3978125)
(-0.055 0 0.3978125)
(-0.11 0 0.3978125)
(-0.165 0 0.3978125)
(-0.22 0 0.3978125)
(-0.02104760247 0.05081339786 0.41875)
(-0.04209520494 0.1016267957 0.41875)
(-0.06314280742 0.1524401936 0.41875)
(-0.08419040989 0.2032535914 0.41875)
(-0.03889089877 0.03889089878 0.41875)
(-0.07778179755 0.07778179755 0.41875)
(-0.1166726963 0.1166726963 0.41875)
(-0.1555635951 0.1555635951 0.41875)
(-0.05081339786 0.02104760247 0.41875)
(-0.1016267957 0.04209520494 0.41875)
(-0.1524401936 0.06314280742 0.41875)
(-0.2032535914 0.08419040989 0.41875)
(-0.055 0 0.41875)
(-0.11 0 0.41875)
(-0.165 0 0.41875)
(-0.22 0 0.41875)
(-0.02104760247 0.05081339786 0.4396875)
(-0.04209520494 0.1016267957 0.4396875)
(-0.06314280742 0.1524401936 0.4396875)
(-0.08419040989 0.2032535914 0.4396875)
(-0.03889089877 0.03889089878 0.4396875)
(-0.07778179755 0.07778179755 0.4396875)
(-0.1166726963 0.1166726963 0.4396875)
(-0.1555635951 0.1555635951 0.4396875)
(-0.05081339786 0.02104760247 0.4396875)
(-0.1016267957 0.04209520494 0.4396875)
(-0.1524401936 0.06314280742 0.4396875)
(-0.2032535914 0.08419040989 0.4396875)
(-0.055 0 0.4396875)
(-0.11 0 0.4396875)
(-0.165 0 0.4396875)
(-0.22 0 0.4396875)
(-0.02104760247 0.05081339786 0.460625)
(-0.04209520494 0.1016267957 0.460625)
(-0.06314280742 0.1524401936 0.460625)
(-0.08419040989 0.2032535914 0.460625)
(-0.03889089877 0.03889089878 0.460625)
(-0.07778179755 0.07778179755 0.460625)
(-0.1166726963 0.1166726963 0.460625)
(-0.1555635951 0.1555635951 0.460625)
(-0.05081339786 0.02104760247 0.460625)
(-0.1016267957 0.04209520494 0.460625)
(-0.1524401936 0.06314280742 0.460625)
(-0.2032535914 0.08419040989 0.460625)
(-0.055 0 0.460625)
(-0.11 0 0.460625)
(-0.165 0 0.460625)
(-0.22 0 0.460625)
(-0.02104760247 0.05081339786 0.4815625)
(-0.04209520494 0.1016267957 0.4815625)
(-0.06314280742 0.1524401936 0.4815625)
(-0.08419040989 0.2032535914 0.4815625)
(-0.03889089877 0.03889089878 0.4815625)
(-0.07778179755 0.07778179755 0.4815625)
(-0.1166726963 0.1166726963 0.4815625)
(-0.1555635951 0.1555635951 0.4815625)
(-0.05081339786 0.02104760247 0.4815625)
(-0.1016267957 0.04209520494 0.4815625)
(-0.1524401936 0.06314280742 0.4815625)
(-0.2032535914 0.08419040989 0.4815625)
(-0.055 0 0.4815625)
(-0.11 0 0.4815625)
(-0.165 0 0.4815625)
(-0.22 0 0.4815625)
(-0.02104760247 0.05081339786 0.5025)
(-0.04209520494 0.1016267957 0.5025)
(-0.06314280742 0.1524401936 0.5025)
(-0.08419040989 0.2032535914 0.5025)
(-0.03889089877 0.03889089878 0.5025)
(-0.07778179755 0.07778179755 0.5025)
(-0.1166726963 0.1166726963 0.5025)
(-0.1555635951 0.1555635951 0.5025)
(-0.05081339786 0.02104760247 0.5025)
(-0.1016267957 0.04209520494 0.5025)
(-0.1524401936 0.06314280742 0.5025)
(-0.2032535914 0.08419040989 0.5025)
(-0.055 0 0.5025)
(-0.11 0 0.5025)
(-0.165 0 0.5025)
(-0.22 0 0.5025)
(-0.02104760247 0.05081339786 0.5234375)
(-0.04209520494 0.1016267957 0.5234375)
(-0.06314280742 0.1524401936 0.5234375)
(-0.08419040989 0.2032535914 0.5234375)
(-0.03889089877 0.03889089878 0.5234375)
(-0.07778179755 0.07778179755 0.5234375)
(-0.1166726963 0.1166726963 0.5234375)
(-0.1555635951 0.1555635951 0.5234375)
(-0.05081339786 0.02104760247 0.5234375)
(-0.1016267957 0.04209520494 0.5234375)
(-0.1524401936 0.06314280742 0.5234375)
(-0.2032535914 0.08419040989 0.5234375)
(-0.055 0 0.5234375)
(-0.11 0 0.5234375)
(-0.165 0 0.5234375)
(-0.22 0 0.5234375)
(-0.02104760247 0.05081339786 0.544375)
(-0.04209520494 0.1016267957 0.544375)
(-0.06314280742 0.1524401936 0.544375)
(-0.08419040989 0.2032535914 0.544375)
(-0.03889089877 0.03889089878 0.544375)
(-0.07778179755 0.07778179755 0.544375)
(-0.1166726963 0.1166726963 0.544375)
(-0.1555635951 0.1555635951 0.544375)
(-0.05081339786 0.02104760247 0.544375)
(-0.1016267957 0.04209520494 0.544375)
(-0.1524401936 0.06314280742 0.544375)
(-0.2032535914 0.08419040989 0.544375)
(-0.055 0 0.544375)
(-0.11 0 0.544375)
(-0.165 0 0.544375)
(-0.22 0 0.544375)
(-0.02104760247 0.05081339786 0.5653125)
(-0.04209520494 0.1016267957 0.5653125)
(-0.06314280742 0.1524401936 0.5653125)
(-0.08419040989 0.2032535914 0.5653125)
(-0.03889089877 0.03889089878 0.5653125)
(-0.07778179755 0.07778179755 0.5653125)
(-0.1166726963 0.1166726963 0.5653125)
(-0.1555635951 0.1555635951 0.5653125)
(-0.05081339786 0.02104760247 0.5653125)
(-0.1016267957 0.04209520494 0.5653125)
(-0.1524401936 0.06314280742 0.5653125)
(-0.2032535914 0.08419040989 0.5653125)
(-0.055 0 0.5653125)
(-0.11 0 0.5653125)
(-0.165 0 0.5653125)
(-0.22 0 0.5653125)
(-0.02104760247 0.05081339786 0.58625)
(-0.04209520494 0.1016267957 0.58625)
(-0.06314280742 0.1524401936 0.58625)
(-0.08419040989 0.2032535914 0.58625)
(-0.03889089877 0.03889089878 0.58625)
(-0.07778179755 0.07778179755 0.58625)
(-0.1166726963 0.1166726963 0.58625)
(-0.1555635951 0.1555635951 0.58625)
(-0.05081339786 0.02104760247 0.58625)
(-0.1016267957 0.04209520494 0.58625)
(-0.1524401936 0.06314280742 0.58625)
(-0.2032535914 0.08419040989 0.58625)
(-0.055 0 0.58625)
(-0.11 0 0.58625)
(-0.165 0 0.58625)
(-0.22 0 0.58625)
(-0.02104760247 0.05081339786 0.6071875)
(-0.04209520494 0.1016267957 0.6071875)
(-0.06314280742 0.1524401936 0.6071875)
(-0.08419040989 0.2032535914 0.6071875)
(-0.03889089877 0.03889089878 0.6071875)
(-0.07778179755 0.07778179755 0.6071875)
(-0.1166726963 0.1166726963 0.6071875)
(-0.1555635951 0.1555635951 0.6071875)
(-0.05081339786 0.02104760247 0.6071875)
(-0.1016267957 0.04209520494 0.6071875)
(-0.1524401936 0.06314280742 0.6071875)
(-0.2032535914 0.08419040989 0.6071875)
(-0.055 0 0.6071875)
(-0.11 0 0.6071875)
(-0.165 0 0.6071875)
(-0.22 0 0.6071875)
(-0.02104760247 0.05081339786 0.628125)
(-0.04209520494 0.1016267957 0.628125)
(-0.06314280742 0.1524401936 0.628125)
(-0.08419040989 0.2032535914 0.628125)
(-0.03889089877 0.03889089878 0.628125)
(-0.07778179755 0.07778179755 0.628125)
(-0.1166726963 0.1166726963 0.628125)
(-0.1555635951 0.1555635951 0.628125)
(-0.05081339786 0.02104760247 0.628125)
(-0.1016267957 0.04209520494 0.628125)
(-0.1524401936 0.06314280742 0.628125)
(-0.2032535914 0.08419040989 0.628125)
(-0.055 0 0.628125)
(-0.11 0 0.628125)
(-0.165 0 0.628125)
(-0.22 0 0.628125)
(-0.02104760247 0.05081339786 0.6490625)
(-0.04209520494 0.1016267957 0.6490625)
(-0.06314280742 0.1524401936 0.6490625)
(-0.08419040989 0.2032535914 0.6490625)
(-0.03889089877 0.03889089878 0.6490625)
(-0.07778179755 0.07778179755 0.6490625)
(-0.1166726963 0.1166726963 0.6490625)
(-0.1555635951 0.1555635951 0.6490625)
(-0.05081339786 0.02104760247 0.6490625)
(-0.1016267957 0.04209520494 0.6490625)
(-0.1524401936 0.06314280742 0.6490625)
(-0.2032535914 0.08419040989 0.6490625)
(-0.055 0 0.6490625)
(-0.11 0 0.6490625)
(-0.165 0 0.6490625)
(-0.22 0 0.6490625)
(-0.02104760247 0.05081339786 0.67)
(-0.04209520494 0.1016267957 0.67)
(-0.06314280742 0.1524401936 0.67)
(-0.08419040989 0.2032535914 0.67)
(-0.03889089877 0.03889089878 0.67)
(-0.07778179755 0.07778179755 0.67)
(-0.1166726963 0.1166726963 0.67)
(-0.1555635951 0.1555635951 0.67)
(-0.05081339786 0.02104760247 0.67)
(-0.1016267957 0.04209520494 0.67)
(-0.1524401936 0.06314280742 0.67)
(-0.2032535914 0.08419040989 0.67)
(-0.055 0 0.67)
(-0.11 0 0.67)
(-0.165 0 0.67)
(-0.22 0 0.67)
(-0.05081339786 -0.02104760247 0)
(-0.1016267957 -0.04209520494 0)
(-0.1524401936 -0.06314280742 0)
(-0.2032535914 -0.08419040989 0)
(-0.03889089878 -0.03889089877 0)
(-0.07778179755 -0.07778179755 0)
(-0.1166726963 -0.1166726963 0)
(-0.1555635951 -0.1555635951 0)
(-0.02104760247 -0.05081339786 0)
(-0.04209520494 -0.1016267957 0)
(-0.06314280742 -0.1524401936 0)
(-0.08419040989 -0.2032535914 0)
(0 -0.055 0)
(0 -0.11 0)
(0 -0.165 0)
(0 -0.22 0)
(-0.05081339786 -0.02104760247 0.0209375)
(-0.1016267957 -0.04209520494 0.0209375)
(-0.1524401936 -0.06314280742 0.0209375)
(-0.2032535914 -0.08419040989 0.0209375)
(-0.03889089878 -0.03889089877 0.0209375)
(-0.07778179755 -0.07778179755 0.0209375)
(-0.1166726963 -0.1166726963 0.0209375)
(-0.1555635951 -0.1555635951 0.0209375)
(-0.02104760247 -0.05081339786 0.0209375)
(-0.04209520494 -0.1016267957 0.0209375)
(-0.06314280742 -0.1524401936 0.0209375)
(-0.08419040989 -0.2032535914 0.0209375)
(0 -0.055 0.0209375)
(0 -0.11 0.0209375)
(0 -0.165 0.0209375)
(0 -0.22 0.0209375)
(-0.05081339786 -0.02104760247 0.041875)
(-0.1016267957 -0.04209520494 0.041875)
(-0.1524401936 -0.06314280742 0.041875)
(-0.2032535914 -0.08419040989 0.041875)
(-0.03889089878 -0.03889089877 0.041875)
(-0.07778179755 -0.07778179755 0.041875)
(-0.1166726963 -0.1166726963 0.041875)
(-0.1555635951 -0.1555635951 0.041875)
(-0.02104760247 -0.05081339786 0.041875)
(-0.04209520494 -0.1016267957 0.041875)
(-0.06314280742 -0.1524401936 0.041875)
(-0.08419040989 -0.2032535914 0.041875)
(0 -0.055 0.041875)
(0 -0.11 0.041875)
(0 -0.165 0.041875)
(0 -0.22 0.041875)
(-0.05081339786 -0.02104760247 0.0628125)
(-0.1016267957 -0.04209520494 0.0628125)
(-0.1524401936 -0.06314280742 0.0628125)
(-0.2032535914 -0.08419040989 0.0628125)
(-0.03889089878 -0.03889089877 0.0628125)
(-0.07778179755 -0.07778179755 0.0628125)
(-0.1166726963 -0.1166726963 0.0628125)
(-0.1555635951 -0.1555635951 0.0628125)
(-0.02104760247 -0.05081339786 0.0628125)
(-0.04209520494 -0.1016267957 0.0628125)
(-0.06314280742 -0.1524401936 0.0628125)
(-0.08419040989 -0.2032535914 0.0628125)
(0 -0.055 0.0628125)
(0 -0.11 0.0628125)
(0 -0.165 0.0628125)
(0 -0.22 0.0628125)
(-0.05081339786 -0.02104760247 0.08375)
(-0.1016267957 -0.04209520494 0.08375)
(-0.1524401936 -0.06314280742 0.08375)
(-0.2032535914 -0.08419040989 0.08375)
(-0.03889089878 -0.03889089877 0.08375)
(-0.07778179755 -0.07778179755 0.08375)
(-0.1166726963 -0.1166726963 0.08375)
(-0.1555635951 -0.1555635951 0.08375)
(-0.02104760247 -0.05081339786 0.08375)
(-0.04209520494 -0.1016267957 0.08375)
(-0.06314280742 -0.1524401936 0.08375)
(-0.08419040989 -0.2032535914 0.08375)
(0 -0.055 0.08375)
(0 -0.11 0.08375)
(0 -0.165 0.08375)
(0 -0.22 0.08375)
(-0.05081339786 -0.02104760247 0.1046875)
(-0.1016267957 -0.04209520494 0.1046875)
(-0.1524401936 -0.06314280742 0.1046875)
(-0.2032535914 -0.08419040989 0.1046875)
(-0.03889089878 -0.03889089877 0.1046875)
(-0.07778179755 -0.07778179755 0.1046875)
(-0.1166726963 -0.1166726963 0.1046875)
(-0.1555635951 -0.1555635951 0.1046875)
(-0.02104760247 -0.05081339786 0.1046875)
(-0.04209520494 -0.1016267957 0.1046875)
(-0.06314280742 -0.1524401936 0.1046875)
(-0.08419040989 -0.2032535914 0.1046875)
(0 -0.055 0.1046875)
(0 -0.11 0.1046875)
(0 -0.165 0.1046875)
(0 -0.22 0.1046875)
(-0.05081339786 -0.02104760247 0.125625)
(-0.1016267957 -0.04209520494 0.125625)
(-0.1524401936 -0.06314280742 0.125625)
(-0.2032535914 -0.08419040989 0.125625)
(-0.03889089878 -0.03889089877 0.125625)
(-0.07778179755 -0.07778179755 0.125625)
(-0.1166726963 -0.1166726963 0.125625)
(-0.1555635951 -0.1555635951 0.125625)
(-0.02104760247 -0.05081339786 0.125625)
(-0.04209520494 -0.1016267957 0.125625)
(-0.06314280742 -0.1524401936 0.125625)
(-0.08419040989 -0.2032535914 0.125625)
(0 -0.055 0.125625)
(0 -0.11 0.125625)
(0 -0.165 0.125625)
(0 -0.22 0.125625)
(-0.05081339786 -0.02104760247 0.1465625)
(-0.1016267957 -0.04209520494 0.1465625)
(-0.1524401936 -0.06314280742 0.1465625)
(-0.2032535914 -0.08419040989 0.1465625)
(-0.03889089878 -0.03889089877 0.1465625)
(-0.07778179755 -0.07778179755 0.1465625)
(-0.1166726963 -0.1166726963 0.1465625)
(-0.1555635951 -0.1555635951 0.1465625)
(-0.02104760247 -0.05081339786 0.1465625)
(-0.04209520494 -0.1016267957 0.1465625)
(-0.06314280742 -0.1524401936 0.1465625)
(-0.08419040989 -0.2032535914 0.1465625)
(0 -0.055 0.1465625)
(0 -0.11 0.1465625)
(0 -0.165 0.1465625)
(0 -0.22 0.1465625)
(-0.05081339786 -0.02104760247 0.1675)
(-0.1016267957 -0.04209520494 0.1675)
(-0.1524401936 -0.06314280742 0.1675)
(-0.2032535914 -0.08419040989 0.1675)
(-0.03889089878 -0.03889089877 0.1675)
(-0.07778179755 -0.07778179755 0.1675)
(-0.1166726963 -0.1166726963 0.1675)
(-0.1555635951 -0.1555635951 0.1675)
(-0.02104760247 -0.05081339786 0.1675)
(-0.04209520494 -0.1016267957 0.1675)
(-0.06314280742 -0.1524401936 0.1675)
(-0.08419040989 -0.2032535914 0.1675)
(0 -0.055 0.1675)
(0 -0.11 0.1675)
(0 -0.165 0.1675)
(0 -0.22 0.1675)
(-0.05081339786 -0.02104760247 0.1884375)
(-0.1016267957 -0.04209520494 0.1884375)
(-0.1524401936 -0.06314280742 0.1884375)
(-0.2032535914 -0.08419040989 0.1884375)
(-0.03889089878 -0.03889089877 0.1884375)
(-0.07778179755 -0.07778179755 0.1884375)
(-0.1166726963 -0.1166726963 0.1884375)
(-0.1555635951 -0.1555635951 0.1884375)
(-0.02104760247 -0.05081339786 0.1884375)
(-0.04209520494 -0.1016267957 0.1884375)
(-0.06314280742 -0.1524401936 0.1884375)
(-0.08419040989 -0.2032535914 0.1884375)
(0 -0.055 0.1884375)
(0 -0.11 0.1884375)
(0 -0.165 0.1884375)
(0 -0.22 0.1884375)
(-0.05081339786 -0.02104760247 0.209375)
(-0.1016267957 -0.04209520494 0.209375)
(-0.1524401936 -0.06314280742 0.209375)
(-0.2032535914 -0.08419040989 0.209375)
(-0.03889089878 -0.03889089877 0.209375)
(-0.07778179755 -0.07778179755 0.209375)
(-0.1166726963 -0.1166726963 0.209375)
(-0.1555635951 -0.1555635951 0.209375)
(-0.02104760247 -0.05081339786 0.209375)
(-0.04209520494 -0.1016267957 0.209375)
(-0.06314280742 -0.1524401936 0.209375)
(-0.08419040989 -0.2032535914 0.209375)
(0 -0.055 0.209375)
(0 -0.11 0.209375)
(0 -0.165 0.209375)
(0 -0.22 0.209375)
(-0.05081339786 -0.02104760247 0.2303125)
(-0.1016267957 -0.04209520494 0.2303125)
(-0.1524401936 -0.06314280742 0.2303125)
(-0.2032535914 -0.08419040989 0.2303125)
(-0.03889089878 -0.03889089877 0.2303125)
(-0.07778179755 -0.07778179755 0.2303125)
(-0.1166726963 -0.1166726963 0.2303125)
(-0.1555635951 -0.1555635951 0.2303125)
(-0.02104760247 -0.05081339786 0.2303125)
(-0.04209520494 -0.1016267957 0.2303125)
(-0.06314280742 -0.1524401936 0.2303125)
(-0.08419040989 -0.2032535914 0.2303125)
(0 -0.055 0.2303125)
(0 -0.11 0.2303125)
(0 -0.165 0.2303125)
(0 -0.22 0.2303125)
(-0.05081339786 -0.02104760247 0.25125)
(-0.1016267957 -0.04209520494 0.25125)
(-0.1524401936 -0.06314280742 0.25125)
(-0.2032535914 -0.08419040989 0.25125)
(-0.03889089878 -0.03889089877 0.25125)
(-0.07778179755 -0.07778179755 0.25125)
(-0.1166726963 -0.1166726963 0.25125)
(-0.1555635951 -0.1555635951 0.25125)
(-0.02104760247 -0.05081339786 0.25125)
(-0.04209520494 -0.1016267957 0.25125)
(-0.06314280742 -0.1524401936 0.25125)
(-0.08419040989 -0.2032535914 0.25125)
(0 -0.055 0.25125)
(0 -0.11 0.25125)
(0 -0.165 0.25125)
(0 -0.22 0.25125)
(-0.05081339786 -0.02104760247 0.2721875)
(-0.1016267957 -0.04209520494 0.2721875)
(-0.1524401936 -0.06314280742 0.2721875)
(-0.2032535914 -0.08419040989 0.2721875)
(-0.03889089878 -0.03889089877 0.2721875)
(-0.07778179755 -0.07778179755 0.2721875)
(-0.1166726963 -0.1166726963 0.2721875)
(-0.1555635951 -0.1555635951 0.2721875)
(-0.02104760247 -0.05081339786 0.2721875)
(-0.04209520494 -0.1016267957 0.2721875)
(-0.06314280742 -0.1524401936 0.2721875)
(-0.08419040989 -0.2032535914 0.2721875)
(0 -0.055 0.2721875)
(0 -0.11 0.2721875)
(0 -0.165 0.2721875)
(0 -0.22 0.2721875)
(-0.05081339786 -0.02104760247 0.293125)
(-0.1016267957 -0.04209520494 0.293125)
(-0.1524401936 -0.06314280742 0.293125)
(-0.2032535914 -0.08419040989 0.293125)
(-0.03889089878 -0.03889089877 0.293125)
(-0.07778179755 -0.07778179755 0.293125)
(-0.1166726963 -0.1166726963 0.293125)
(-0.1555635951 -0.1555635951 0.293125)
(-0.02104760247 -0.05081339786 0.293125)
(-0.04209520494 -0.1016267957 0.293125)
(-0.06314280742 -0.1524401936 0.293125)
(-0.08419040989 -0.2032535914 0.293125)
(0 -0.055 0.293125)
(0 -0.11 0.293125)
(0 -0.165 0.293125)
(0 -0.22 0.293125)
(-0.05081339786 -0.02104760247 0.3140625)
(-0.1016267957 -0.04209520494 0.3140625)
(-0.1524401936 -0.06314280742 0.3140625)
(-0.2032535914 -0.08419040989 0.3140625)
(-0.03889089878 -0.03889089877 0.3140625)
(-0.07778179755 -0.07778179755 0.3140625)
(-0.1166726963 -0.1166726963 0.3140625)
(-0.1555635951 -0.1555635951 0.3140625)
(-0.02104760247 -0.05081339786 0.3140625)
(-0.04209520494 -0.1016267957 0.3140625)
(-0.06314280742 -0.1524401936 0.3140625)
(-0.08419040989 -0.2032535914 0.3140625)
(0 -0.055 0.3140625)
(0 -0.11 0.3140625)
(0 -0.165 0.3140625)
(0 -0.22 0.3140625)
(-0.05081339786 -0.02104760247 0.335)
(-0.1016267957 -0.04209520494 0.335)
(-0.1524401936 -0.06314280742 0.335)
(-0.2032535914 -0.08419040989 0.335)
(-0.03889089878 -0.03889089877 0.335)
(-0.07778179755 -0.07778179755 0.335)
(-0.1166726963 -0.1166726963 0.335)
(-0.1555635951 -0.1555635951 0.335)
(-0.02104760247 -0.05081339786 0.335)
(-0.04209520494 -0.1016267957 0.335)
(-0.06314280742 -0.1524401936 0.335)
(-0.08419040989 -0.2032535914 0.335)
(0 -0.055 0.335)
(0 -0.11 0.335)
(0 -0.165 0.335)
(0 -0.22 0.335)
(-0.05081339786 -0.02104760247 0.3559375)
(-0.1016267957 -0.04209520494 0.3559375)
(-0.1524401936 -0.06314280742 0.3559375)
(-0.2032535914 -0.08419040989 0.3559375)
(-0.03889089878 -0.03889089877 0.3559375)
(-0.07778179755 -0.07778179755 0.3559375)
(-0.1166726963 -0.1166726963 0.3559375)
(-0.1555635951 -0.1555635951 0.3559375)
(-0.02104760247 -0.05081339786 0.3559375)
(-0.04209520494 -0.1016267957 0.3559375)
(-0.06314280742 -0.1524401936 0.3559375)
(-0.08419040989 -0.2032535914 0.3559375)
(0 -0.055 0.3559375)
(0 -0.11 0.3559375)
(0 -0.165 0.3559375)
(0 -0.22 0.3559375)
(-0.05081339786 -0.02104760247 0.376875)
(-0.1016267957 -0.04209520494 0.376875)
(-0.1524401936 -0.06314280742 0.376875)
(-0.2032535914 -0.08419040989 0.376875)
(-0.03889089878 -0.03889089877 0.376875)
(-0.07778179755 -0.07778179755 0.376875)
(-0.1166726963 -0.1166726963 0.376875)
(-0.1555635951 -0.1555635951 0.376875)
(-0.02104760247 -0.05081339786 0.376875)
(-0.04209520494 -0.1016267957 0.376875)
(-0.06314280742 -0.1524401936 0.376875)
(-0.08419040989 -0.2032535914 0.376875)
(0 -0.055 0.376875)
(0 -0.11 0.376875)
(0 -0.165 0.376875)
(0 -0.22 0.376875)
(-0.05081339786 -0.02104760247 0.3978125)
(-0.1016267957 -0.04209520494 0.3978125)
(-0.1524401936 -0.06314280742 0.3978125)
(-0.2032535914 -0.08419040989 0.3978125)
(-0.03889089878 -0.03889089877 0.3978125)
(-0.07778179755 -0.07778179755 0.3978125)
(-0.1166726963 -0.1166726963 0.3978125)
(-0.1555635951 -0.1555635951 0.3978125)
(-0.02104760247 -0.05081339786 0.3978125)
(-0.04209520494 -0.1016267957 0.3978125)
(-0.06314280742 -0.1524401936 0.3978125)
(-0.08419040989 -0.2032535914 0.3978125)
(0 -0.055 0.3978125)
(0 -0.11 0.3978125)
(0 -0.165 0.3978125)
(0 -0.22 0.3978125)
(-0.05081339786 -0.02104760247 0.41875)
(-0.1016267957 -0.04209520494 0.41875)
(-0.1524401936 -0.06314280742 0.41875)
(-0.2032535914 -0.08419040989 0.41875)
(-0.03889089878 -0.03889089877 0.41875)
(-0.07778179755 -0.07778179755 0.41875)
(-0.1166726963 -0.1166726963 0.41875)
(-0.1555635951 -0.1555635951 0.41875)
(-0.02104760247 -0.05081339786 0.41875)
(-0.04209520494 -0.1016267957 0.41875)
(-0.06314280742 -0.1524401936 0.41875)
(-0.08419040989 -0.2032535914 0.41875)
(0 -0.055 0.41875)
(0 -0.11 0.41875)
(0 -0.165 0.41875)
(0 -0.22 0.41875)
(-0.05081339786 -0.02104760247 0.4396875)
(-0.1016267957 -0.04209520494 0.4396875)
(-0.1524401936 -0.06314280742 0.4396875)
(-0.2032535914 -0.08419040989 0.4396875)
(-0.03889089878 -0.03889089877 0.4396875)
(-0.07778179755 -0.07778179755 0.4396875)
(-0.1166726963 -0.1166726963 0.4396875)
(-0.1555635951 -0.1555635951 0.4396875)
(-0.02104760247 -0.05081339786 0.4396875)
(-0.04209520494 -0.1016267957 0.4396875)
(-0.06314280742 -0.1524401936 0.4396875)
(-0.08419040989 -0.2032535914 0.4396875)
(0 -0.055 0.4396875)
(0 -0.11 0.4396875)
(0 -0.165 0.4396875)
(0 -0.22 0.4396875)
(-0.05081339786 -0.02104760247 0.460625)
(-0.1016267957 -0.04209520494 0.460625)
(-0.1524401936 -0.06314280742 0.460625)
(-0.2032535914 -0.08419040989 0.460625)
(-0.03889089878 -0.03889089877 0.460625)
(-0.07778179755 -0.07778179755 0.460625)
(-0.1166726963 -0.1166726963 0.460625)
(-0.1555635951 -0.1555635951 0.460625)
(-0.02104760247 -0.05081339786 0.460625)
(-0.04209520494 -0.1016267957 0.460625)
(-0.06314280742 -0.1524401936 0.460625)
(-0.08419040989 -0.2032535914 0.460625)
(0 -0.055 0.460625)
(0 -0.11 0.460625)
(0 -0.165 0.460625)
(0 -0.22 0.460625)
(-0.05081339786 -0.02104760247 0.4815625)
(-0.1016267957 -0.04209520494 0.4815625)
(-0.1524401936 -0.06314280742 0.4815625)
(-0.2032535914 -0.08419040989 0.4815625)
(-0.03889089878 -0.03889089877 0.4815625)
(-0.07778179755 -0.07778179755 0.4815625)
(-0.1166726963 -0.1166726963 0.4815625)
(-0.1555635951 -0.1555635951 0.4815625)
(-0.02104760247 -0.05081339786 0.4815625)
(-0.04209520494 -0.1016267957 0.4815625)
(-0.06314280742 -0.1524401936 0.4815625)
(-0.08419040989 -0.2032535914 0.4815625)
(0 -0.055 0.4815625)
(0 -0.11 0.4815625)
(0 -0.165 0.4815625)
(0 -0.22 0.4815625)
(-0.05081339786 -0.02104760247 0.5025)
(-0.1016267957 -0.04209520494 0.5025)
(-0.1524401936 -0.06314280742 0.5025)
(-0.2032535914 -0.08419040989 0.5025)
(-0.03889089878 -0.03889089877 0.5025)
(-0.07778179755 -0.07778179755 0.5025)
(-0.1166726963 -0.1166726963 0.5025)
(-0.1555635951 -0.1555635951 0.5025)
(-0.02104760247 -0.05081339786 0.5025)
(-0.04209520494 -0.1016267957 0.5025)
(-0.06314280742 -0.1524401936 0.5025)
(-0.08419040989 -0.2032535914 0.5025)
(0 -0.055 0.5025)
(0 -0.11 0.5025)
(0 -0.165 0.5025)
(0 -0.22 0.5025)
(-0.05081339786 -0.02104760247 0.5234375)
(-0.1016267957 -0.04209520494 0.5234375)
(-0.1524401936 -0.06314280742 0.5234375)
(-0.2032535914 -0.08419040989 0.5234375)
(-0.03889089878 -0.03889089877 0.5234375)
(-0.07778179755 -0.07778179755 0.5234375)
(-0.1166726963 -0.1166726963 0.5234375)
(-0.1555635951 -0.1555635951 0.5234375)
(-0.02104760247 -0.05081339786 0.5234375)
(-0.04209520494 -0.1016267957 0.5234375)
(-0.06314280742 -0.1524401936 0.5234375)
(-0.08419040989 -0.2032535914 0.5234375)
(0 -0.055 0.5234375)
(0 -0.11 0.5234375)
(0 -0.165 0.5234375)
(0 -0.22 0.5234375)
(-0.05081339786 -0.02104760247 0.544375)
(-0.1016267957 -0.04209520494 0.544375)
(-0.1524401936 -0.06314280742 0.544375)
(-0.2032535914 -0.08419040989 0.544375)
(-0.03889089878 -0.03889089877 0.544375)
(-0.07778179755 -0.07778179755 0.544375)
(-0.1166726963 -0.1166726963 0.544375)
(-0.1555635951 -0.1555635951 0.544375)
(-0.02104760247 -0.05081339786 0.544375)
(-0.04209520494 -0.1016267957 0.544375)
(-0.06314280742 -0.1524401936 0.544375)
(-0.08419040989 -0.2032535914 0.544375)
(0 -0.055 0.544375)
(0 -0.11 0.544375)
(0 -0.165 0.544375)
(0 -0.22 0.544375)
(-0.05081339786 -0.02104760247 0.5653125)
(-0.1016267957 -0.04209520494 0.5653125)
(-0.1524401936 -0.06314280742 0.5653125)
(-0.2032535914 -0.08419040989 0.5653125)
(-0.03889089878 -0.03889089877 0.5653125)
(-0.07778179755 -0.07778179755 0.5653125)
(-0.1166726963 -0.1166726963 0.5653125)
(-0.1555635951 -0.1555635951 0.5653125)
(-0.02104760247 -0.05081339786 0.5653125)
(-0.04209520494 -0.1016267957 0.5653125)
(-0.06314280742 -0.1524401936 0.5653125)
(-0.08419040989 -0.2032535914 0.5653125)
(0 -0.055 0.5653125)
(0 -0.11 0.5653125)
(0 -0.165 0.5653125)
(0 -0.22 0.5653125)
(-0.05081339786 -0.02104760247 0.58625)
(-0.1016267957 -0.04209520494 0.58625)
(-0.1524401936 -0.06314280742 0.58625)
(-0.2032535914 -0.08419040989 0.58625)
(-0.03889089878 -0.03889089877 0.58625)
(-0.07778179755 -0.07778179755 0.58625)
(-0.1166726963 -0.1166726963 0.58625)
(-0.1555635951 -0.1555635951 0.58625)
(-0.02104760247 -0.05081339786 0.58625)
(-0.04209520494 -0.1016267957 0.58625)
(-0.06314280742 -0.1524401936 0.58625)
(-0.08419040989 -0.2032535914 0.58625)
(0 -0.055 0.58625)
(0 -0.11 0.58625)
(0 -0.165 0.58625)
(0 -0.22 0.58625)
(-0.05081339786 -0.02104760247 0.6071875)
(-0.1016267957 -0.04209520494 0.6071875)
(-0.1524401936 -0.06314280742 0.6071875)
(-0.2032535914 -0.08419040989 0.6071875)
(-0.03889089878 -0.03889089877 0.6071875)
(-0.07778179755 -0.07778179755 0.6071875)
(-0.1166726963 -0.1166726963 0.6071875)
(-0.1555635951 -0.1555635951 0.6071875)
(-0.02104760247 -0.05081339786 0.6071875)
(-0.04209520494 -0.1016267957 0.6071875)
(-0.06314280742 -0.1524401936 0.6071875)
(-0.08419040989 -0.2032535914 0.6071875)
(0 -0.055 0.6071875)
(0 -0.11 0.6071875)
(0 -0.165 0.6071875)
(0 -0.22 0.6071875)
(-0.05081339786 -0.02104760247 0.628125)
(-0.1016267957 -0.04209520494 0.628125)
(-0.1524401936 -0.06314280742 0.628125)
(-0.2032535914 -0.08419040989 0.628125)
(-0.03889089878 -0.03889089877 0.628125)
(-0.07778179755 -0.07778179755 0.628125)
(-0.1166726963 -0.1166726963 0.628125)
(-0.1555635951 -0.1555635951 0.628125)
(-0.02104760247 -0.05081339786 0.628125)
(-0.04209520494 -0.1016267957 0.628125)
(-0.06314280742 -0.1524401936 0.628125)
(-0.08419040989 -0.2032535914 0.628125)
(0 -0.055 0.628125)
(0 -0.11 0.628125)
(0 -0.165 0.628125)
(0 -0.22 0.628125)
(-0.05081339786 -0.02104760247 0.6490625)
(-0.1016267957 -0.04209520494 0.6490625)
(-0.1524401936 -0.06314280742 0.6490625)
(-0.2032535914 -0.08419040989 0.6490625)
(-0.03889089878 -0.03889089877 0.6490625)
(-0.07778179755 -0.07778179755 0.6490625)
(-0.1166726963 -0.1166726963 0.6490625)
(-0.1555635951 -0.1555635951 0.6490625)
(-0.02104760247 -0.05081339786 0.6490625)
(-0.04209520494 -0.1016267957 0.6490625)
(-0.06314280742 -0.1524401936 0.6490625)
(-0.08419040989 -0.2032535914 0.6490625)
(0 -0.055 0.6490625)
(0 -0.11 0.6490625)
(0 -0.165 0.6490625)
(0 -0.22 0.6490625)
(-0.05081339786 -0.02104760247 0.67)
(-0.1016267957 -0.04209520494 0.67)
(-0.1524401936 -0.06314280742 0.67)
(-0.2032535914 -0.08419040989 0.67)
(-0.03889089878 -0.03889089877 0.67)
(-0.07778179755 -0.07778179755 0.67)
(-0.1166726963 -0.1166726963 0.67)
(-0.1555635951 -0.1555635951 0.67)
(-0.02104760247 -0.05081339786 0.67)
(-0.04209520494 -0.1016267957 0.67)
(-0.06314280742 -0.1524401936 0.67)
(-0.08419040989 -0.2032535914 0.67)
(0 -0.055 0.67)
(0 -0.11 0.67)
(0 -0.165 0.67)
(0 -0.22 0.67)
(0.02104760247 -0.05081339786 0)
(0.04209520494 -0.1016267957 0)
(0.06314280742 -0.1524401936 0)
(0.08419040989 -0.2032535914 0)
(0.03889089877 -0.03889089878 0)
(0.07778179755 -0.07778179755 0)
(0.1166726963 -0.1166726963 0)
(0.1555635951 -0.1555635951 0)
(0.05081339786 -0.02104760247 0)
(0.1016267957 -0.04209520494 0)
(0.1524401936 -0.06314280742 0)
(0.2032535914 -0.08419040989 0)
(0.02104760247 -0.05081339786 0.0209375)
(0.04209520494 -0.1016267957 0.0209375)
(0.06314280742 -0.1524401936 0.0209375)
(0.08419040989 -0.2032535914 0.0209375)
(0.03889089877 -0.03889089878 0.0209375)
(0.07778179755 -0.07778179755 0.0209375)
(0.1166726963 -0.1166726963 0.0209375)
(0.1555635951 -0.1555635951 0.0209375)
(0.05081339786 -0.02104760247 0.0209375)
(0.1016267957 -0.04209520494 0.0209375)
(0.1524401936 -0.06314280742 0.0209375)
(0.2032535914 -0.08419040989 0.0209375)
(0.02104760247 -0.05081339786 0.041875)
(0.04209520494 -0.1016267957 0.041875)
(0.06314280742 -0.1524401936 0.041875)
(0.08419040989 -0.2032535914 0.041875)
(0.03889089877 -0.03889089878 0.041875)
(0.07778179755 -0.07778179755 0.041875)
(0.1166726963 -0.1166726963 0.041875)
(0.1555635951 -0.1555635951 0.041875)
(0.05081339786 -0.02104760247 0.041875)
(0.1016267957 -0.04209520494 0.041875)
(0.1524401936 -0.06314280742 0.041875)
(0.2032535914 -0.08419040989 0.041875)
(0.02104760247 -0.05081339786 0.0628125)
(0.04209520494 -0.1016267957 0.0628125)
(0.06314280742 -0.1524401936 0.0628125)
(0.08419040989 -0.2032535914 0.0628125)
(0.03889089877 -0.03889089878 0.0628125)
(0.07778179755 -0.07778179755 0.0628125)
(0.1166726963 -0.1166726963 0.0628125)
(0.1555635951 -0.1555635951 0.0628125)
(0.05081339786 -0.02104760247 0.0628125)
(0.1016267957 -0.04209520494 0.0628125)
(0.1524401936 -0.06314280742 0.0628125)
(0.2032535914 -0.08419040989 0.0628125)
(0.02104760247 -0.05081339786 0.08375)
(0.04209520494 -0.1016267957 0.08375)
(0.06314280742 -0.1524401936 0.08375)
(0.08419040989 -0.2032535914 0.08375)
(0.03889089877 -0.03889089878 0.08375)
(0.07778179755 -0.07778179755 0.08375)
(0.1166726963 -0.1166726963 0.08375)
(0.1555635951 -0.1555635951 0.08375)
(0.05081339786 -0.02104760247 0.08375)
(0.1016267957 -0.04209520494 0.08375)
(0.1524401936 -0.06314280742 0.08375)
(0.2032535914 -0.08419040989 0.08375)
(0.02104760247 -0.05081339786 0.1046875)
(0.04209520494 -0.1016267957 0.1046875)
(0.06314280742 -0.1524401936 0.1046875)
(0.08419040989 -0.2032535914 0.1046875)
(0.03889089877 -0.03889089878 0.1046875)
(0.07778179755 -0.07778179755 0.1046875)
(0.1166726963 -0.1166726963 0.1046875)
(0.1555635951 -0.1555635951 0.1046875)
(0.05081339786 -0.02104760247 0.1046875)
(0.1016267957 -0.04209520494 0.1046875)
(0.1524401936 -0.06314280742 0.1046875)
(0.2032535914 -0.08419040989 0.1046875)
(0.02104760247 -0.05081339786 0.125625)
(0.04209520494 -0.1016267957 0.125625)
(0.06314280742 -0.1524401936 0.125625)
(0.08419040989 -0.2032535914 0.125625)
(0.03889089877 -0.03889089878 0.125625)
(0.07778179755 -0.07778179755 0.125625)
(0.1166726963 -0.1166726963 0.125625)
(0.1555635951 -0.1555635951 0.125625)
(0.05081339786 -0.02104760247 0.125625)
(0.1016267957 -0.04209520494 0.125625)
(0.1524401936 -0.06314280742 0.125625)
(0.2032535914 -0.08419040989 0.125625)
(0.02104760247 -0.05081339786 0.1465625)
(0.04209520494 -0.1016267957 0.1465625)
(0.06314280742 -0.1524401936 0.1465625)
(0.08419040989 -0.2032535914 0.1465625)
(0.03889089877 -0.03889089878 0.1465625)
(0.07778179755 -0.07778179755 0.1465625)
(0.1166726963 -0.1166726963 0.1465625)
(0.1555635951 -0.1555635951 0.1465625)
(0.05081339786 -0.02104760247 0.1465625)
(0.1016267957 -0.04209520494 0.1465625)
(0.1524401936 -0.06314280742 0.1465625)
(0.2032535914 -0.08419040989 0.1465625)
(0.02104760247 -0.05081339786 0.1675)
(0.04209520494 -0.1016267957 0.1675)
(0.06314280742 -0.1524401936 0.1675)
(0.08419040989 -0.2032535914 0.1675)
(0.03889089877 -0.03889089878 0.1675)
(0.07778179755 -0.07778179755 0.1675)
(0.1166726963 -0.1166726963 0.1675)
(0.1555635951 -0.1555635951 0.1675)
(0.05081339786 -0.02104760247 0.1675)
(0.1016267957 -0.04209520494 0.1675)
(0.1524401936 -0.06314280742 0.1675)
(0.2032535914 -0.08419040989 0.1675)
(0.02104760247 -0.05081339786 0.1884375)
(0.04209520494 -0.1016267957 0.1884375)
(0.06314280742 -0.1524401936 0.1884375)
(0.08419040989 -0.2032535914 0.1884375)
(0.03889089877 -0.03889089878 0.1884375)
(0.07778179755 -0.07778179755 0.1884375)
(0.1166726963 -0.1166726963 0.1884375)
(0.1555635951 -0.1555635951 0.1884375)
(0.05081339786 -0.02104760247 0.1884375)
(0.1016267957 -0.04209520494 0.1884375)
(0.1524401936 -0.06314280742 0.1884375)
(0.2032535914 -0.08419040989 0.1884375)
(0.02104760247 -0.05081339786 0.209375)
(0.04209520494 -0.1016267957 0.209375)
(0.06314280742 -0.1524401936 0.209375)
(0.08419040989 -0.2032535914 0.209375)
(0.03889089877 -0.03889089878 0.209375)
(0.07778179755 -0.07778179755 0.209375)
(0.1166726963 -0.1166726963 0.209375)
(0.1555635951 -0.1555635951 0.209375)
(0.05081339786 -0.02104760247 0.209375)
(0.1016267957 -0.04209520494 0.209375)
(0.1524401936 -0.06314280742 0.209375)
(0.2032535914 -0.08419040989 0.209375)
(0.02104760247 -0.05081339786 0.2303125)
(0.04209520494 -0.1016267957 0.2303125)
(0.06314280742 -0.1524401936 0.2303125)
(0.08419040989 -0.2032535914 0.2303125)
(0.03889089877 -0.03889089878 0.2303125)
(0.07778179755 -0.07778179755 0.2303125)
(0.1166726963 -0.1166726963 0.2303125)
(0.1555635951 -0.1555635951 0.2303125)
(0.05081339786 -0.02104760247 0.2303125)
(0.1016267957 -0.04209520494 0.2303125)
(0.1524401936 -0.06314280742 0.2303125)
(0.2032535914 -0.08419040989 0.2303125)
(0.02104760247 -0.05081339786 0.25125)
(0.04209520494 -0.1016267957 0.25125)
(0.06314280742 -0.1524401936 0.25125)
(0.08419040989 -0.2032535914 0.25125)
(0.03889089877 -0.03889089878 0.25125)
(0.07778179755 -0.07778179755 0.25125)
(0.1166726963 -0.1166726963 0.25125)
(0.1555635951 -0.1555635951 0.25125)
(0.05081339786 -0.02104760247 0.25125)
(0.1016267957 -0.04209520494 0.25125)
(0.1524401936 -0.06314280742 0.25125)
(0.2032535914 -0.08419040989 0.25125)
(0.02104760247 -0.05081339786 0.2721875)
(0.04209520494 -0.1016267957 0.2721875)
(0.06314280742 -0.1524401936 0.2721875)
(0.08419040989 -0.2032535914 0.2721875)
(0.03889089877 -0.03889089878 0.2721875)
(0.07778179755 -0.07778179755 0.2721875)
(0.1166726963 -0.1166726963 0.2721875)
(0.1555635951 -0.1555635951 0.2721875)
(0.05081339786 -0.02104760247 0.2721875)
(0.1016267957 -0.04209520494 0.2721875)
(0.1524401936 -0.06314280742 0.2721875)
(0.2032535914 -0.08419040989 0.2721875)
(0.02104760247 -0.05081339786 0.293125)
(0.04209520494 -0.1016267957 0.293125)
(0.06314280742 -0.1524401936 0.293125)
(0.08419040989 -0.2032535914 0.293125)
(0.03889089877 -0.03889089878 0.293125)
(0.07778179755 -0.07778179755 0.293125)
(0.1166726963 -0.1166726963 0.293125)
(0.1555635951 -0.1555635951 0.293125)
(0.05081339786 -0.02104760247 0.293125)
(0.1016267957 -0.04209520494 0.293125)
(0.1524401936 -0.06314280742 0.293125)
(0.2032535914 -0.08419040989 0.293125)
(0.02104760247 -0.05081339786 0.3140625)
(0.04209520494 -0.1016267957 0.3140625)
(0.06314280742 -0.1524401936 0.3140625)
(0.08419040989 -0.2032535914 0.3140625)
(0.03889089877 -0.03889089878 0.3140625)
(0.07778179755 -0.07778179755 0.3140625)
(0.1166726963 -0.1166726963 0.3140625)
(0.1555635951 -0.1555635951 0.3140625)
(0.05081339786 -0.02104760247 0.3140625)
(0.1016267957 -0.04209520494 0.3140625)
(0.1524401936 -0.06314280742 0.3140625)
(0.2032535914 -0.08419040989 0.3140625)
(0.02104760247 -0.05081339786 0.335)
(0.04209520494 -0.1016267957 0.335)
(0.06314280742 -0.1524401936 0.335)
(0.08419040989 -0.2032535914 0.335)
(0.03889089877 -0.03889089878 0.335)
(0.07778179755 -0.07778179755 0.335)
(0.1166726963 -0.1166726963 0.335)
(0.1555635951 -0.1555635951 0.335)
(0.05081339786 -0.02104760247 0.335)
(0.1016267957 -0.04209520494 0.335)
(0.1524401936 -0.06314280742 0.335)
(0.2032535914 -0.08419040989 0.335)
(0.02104760247 -0.05081339786 0.3559375)
(0.04209520494 -0.1016267957 0.3559375)
(0.06314280742 -0.1524401936 0.3559375)
(0.08419040989 -0.2032535914 0.3559375)
(0.03889089877 -0.03889089878 0.3559375)
(0.07778179755 -0.07778179755 0.3559375)
(0.1166726963 -0.1166726963 0.3559375)
(0.1555635951 -0.1555635951 0.3559375)
(0.05081339786 -0.02104760247 0.3559375)
(0.1016267957 -0.04209520494 0.3559375)
(0.1524401936 -0.06314280742 0.3559375)
(0.2032535914 -0.08419040989 0.3559375)
(0.02104760247 -0.05081339786 0.376875)
(0.04209520494 -0.1016267957 0.376875)
(0.06314280742 -0.1524401936 0.376875)
(0.08419040989 -0.2032535914 0.376875)
(0.03889089877 -0.03889089878 0.376875)
(0.07778179755 -0.07778179755 0.376875)
(0.1166726963 -0.1166726963 0.376875)
(0.1555635951 -0.1555635951 0.376875)
(0.05081339786 -0.02104760247 0.376875)
(0.1016267957 -0.04209520494 0.376875)
(0.1524401936 -0.06314280742 0.376875)
(0.2032535914 -0.08419040989 0.376875)
(0.02104760247 -0.05081339786 0.3978125)
(0.04209520494 -0.1016267957 0.3978125)
(0.06314280742 -0.1524401936 0.3978125)
(0.08419040989 -0.2032535914 0.3978125)
(0.03889089877 -0.03889089878 0.3978125)
(0.07778179755 -0.07778179755 0.3978125)
(0.1166726963 -0.1166726963 0.3978125)
(0.1555635951 -0.1555635951 0.3978125)
(0.05081339786 -0.02104760247 0.3978125)
(0.1016267957 -0.04209520494 0.3978125)
(0.1524401936 -0.06314280742 0.3978125)
(0.2032535914 -0.08419040989 0.3978125)
(0.02104760247 -0.05081339786 0.41875)
(0.04209520494 -0.1016267957 0.41875)
(0.06314280742 -0.1524401936 0.41875)
(0.08419040989 -0.2032535914 0.41875)
(0.03889089877 -0.03889089878 0.41875)
(0.07778179755 -0.07778179755 0.41875)
(0.1166726963 -0.1166726963 0.41875)
(0.1555635951 -0.1555635951 0.41875)
(0.05081339786 -0.02104760247 0.41875)
(0.1016267957 -0.04209520494 0.41875)
(0.1524401936 -0.06314280742 0.41875)
(0.2032535914 -0.08419040989 0.41875)
(0.02104760247 -0.05081339786 0.4396875)
(0.04209520494 -0.1016267957 0.4396875)
(0.06314280742 -0.1524401936 0.4396875)
(0.08419040989 -0.2032535914 0.4396875)
(0.03889089877 -0.03889089878 0.4396875)
(0.07778179755 -0.07778179755 0.4396875)
(0.1166726963 -0.1166726963 0.4396875)
(0.1555635951 -0.1555635951 0.4396875)
(0.05081339786 -0.02104760247 0.4396875)
(0.1016267957 -0.04209520494 0.4396875)
(0.1524401936 -0.06314280742 0.4396875)
(0.2032535914 -0.08419040989 0.4396875)
(0.02104760247 -0.05081339786 0.460625)
(0.04209520494 -0.1016267957 0.460625)
(0.06314280742 -0.1524401936 0.460625)
(0.08419040989 -0.2032535914 0.460625)
(0.03889089877 -0.03889089878 0.460625)
(0.07778179755 -0.07778179755 0.460625)
(0.1166726963 -0.1166726963 0.460625)
(0.1555635951 -0.1555635951 0.460625)
(0.05081339786 -0.02104760247 0.460625)
(0.1016267957 -0.04209520494 0.460625)
(0.1524401936 -0.06314280742 0.460625)
(0.2032535914 -0.08419040989 0.460625)
(0.02104760247 -0.05081339786 0.4815625)
(0.04209520494 -0.1016267957 0.4815625)
(0.06314280742 -0.1524401936 0.4815625)
(0.08419040989 -0.2032535914 0.4815625)
(0.03889089877 -0.03889089878 0.4815625)
(0.07778179755 -0.07778179755 0.4815625)
(0.1166726963 -0.1166726963 0.4815625)
(0.1555635951 -0.1555635951 0.4815625)
(0.05081339786 -0.02104760247 0.4815625)
(0.1016267957 -0.04209520494 0.4815625)
(0.1524401936 -0.06314280742 0.4815625)
(0.2032535914 -0.08419040989 0.4815625)
(0.02104760247 -0.05081339786 0.5025)
(0.04209520494 -0.1016267957 0.5025)
(0.06314280742 -0.1524401936 0.5025)
(0.08419040989 -0.2032535914 0.5025)
(0.03889089877 -0.03889089878 0.5025)
(0.07778179755 -0.07778179755 0.5025)
(0.1166726963 -0.1166726963 0.5025)
(0.1555635951 -0.1555635951 0.5025)
(0.05081339786 -0.02104760247 0.5025)
(0.1016267957 -0.04209520494 0.5025)
(0.1524401936 -0.06314280742 0.5025)
(0.2032535914 -0.08419040989 0.5025)
(0.02104760247 -0.05081339786 0.5234375)
(0.04209520494 -0.1016267957 0.5234375)
(0.06314280742 -0.1524401936 0.5234375)
(0.08419040989 -0.2032535914 0.5234375)
(0.03889089877 -0.03889089878 0.5234375)
(0.07778179755 -0.07778179755 0.5234375)
(0.1166726963 -0.1166726963 0.5234375)
(0.1555635951 -0.1555635951 0.5234375)
(0.05081339786 -0.02104760247 0.5234375)
(0.1016267957 -0.04209520494 0.5234375)
(0.1524401936 -0.06314280742 0.5234375)
(0.2032535914 -0.08419040989 0.5234375)
(0.02104760247 -0.05081339786 0.544375)
(0.04209520494 -0.1016267957 0.544375)
(0.06314280742 -0.1524401936 0.544375)
(0.08419040989 -0.2032535914 0.544375)
(0.03889089877 -0.03889089878 0.544375)
(0.07778179755 -0.07778179755 0.544375)
(0.1166726963 -0.1166726963 0.544375)
(0.1555635951 -0.1555635951 0.544375)
(0.05081339786 -0.02104760247 0.544375)
(0.1016267957 -0.04209520494 0.544375)
(0.1524401936 -0.06314280742 0.544375)
(0.2032535914 -0.08419040989 0.544375)
(0.02104760247 -0.05081339786 0.5653125)
(0.04209520494 -0.1016267957 0.5653125)
(0.06314280742 -0.1524401936 0.5653125)
(0.08419040989 -0.2032535914 0.5653125)
(0.03889089877 -0.03889089878 0.5653125)
(0.07778179755 -0.07778179755 0.5653125)
(0.1166726963 -0.1166726963 0.5653125)
(0.1555635951 -0.1555635951 0.5653125)
(0.05081339786 -0.02104760247 0.5653125)
(0.1016267957 -0.04209520494 0.5653125)
(0.1524401936 -0.06314280742 0.5653125)
(0.2032535914 -0.08419040989 0.5653125)
(0.02104760247 -0.05081339786 0.58625)
(0.04209520494 -0.1016267957 0.58625)
(0.06314280742 -0.1524401936 0.58625)
(0.08419040989 -0.2032535914 0.58625)
(0.03889089877 -0.03889089878 0.58625)
(0.07778179755 -0.07778179755 0.58625)
(0.1166726963 -0.1166726963 0.58625)
(0.1555635951 -0.1555635951 0.58625)
(0.05081339786 -0.02104760247 0.58625)
(0.1016267957 -0.04209520494 0.58625)
(0.1524401936 -0.06314280742 0.58625)
(0.2032535914 -0.08419040989 0.58625)
(0.02104760247 -0.05081339786 0.6071875)
(0.04209520494 -0.1016267957 0.6071875)
(0.06314280742 -0.1524401936 0.6071875)
(0.08419040989 -0.2032535914 0.6071875)
(0.03889089877 -0.03889089878 0.6071875)
(0.07778179755 -0.07778179755 0.6071875)
(0.1166726963 -0.1166726963 0.6071875)
(0.1555635951 -0.1555635951 0.6071875)
(0.05081339786 -0.02104760247 0.6071875)
(0.1016267957 -0.04209520494 0.6071875)
(0.1524401936 -0.06314280742 0.6071875)
(0.2032535914 -0.08419040989 0.6071875)
(0.02104760247 -0.05081339786 0.628125)
(0.04209520494 -0.1016267957 0.628125)
(0.06314280742 -0.1524401936 0.628125)
(0.08419040989 -0.2032535914 0.628125)
(0.03889089877 -0.03889089878 0.628125)
(0.07778179755 -0.07778179755 0.628125)
(0.1166726963 -0.1166726963 0.628125)
(0.1555635951 -0.1555635951 0.628125)
(0.05081339786 -0.02104760247 0.628125)
(0.1016267957 -0.04209520494 0.628125)
(0.1524401936 -0.06314280742 0.628125)
(0.2032535914 -0.08419040989 0.628125)
(0.02104760247 -0.05081339786 0.6490625)
(0.04209520494 -0.1016267957 0.6490625)
(0.06314280742 -0.1524401936 0.6490625)
(0.08419040989 -0.2032535914 0.6490625)
(0.03889089877 -0.03889089878 0.6490625)
(0.07778179755 -0.07778179755 0.6490625)
(0.1166726963 -0.1166726963 0.6490625)
(0.1555635951 -0.1555635951 0.6490625)
(0.05081339786 -0.02104760247 0.6490625)
(0.1016267957 -0.04209520494 0.6490625)
(0.1524401936 -0.06314280742 0.6490625)
(0.2032535914 -0.08419040989 0.6490625)
(0.02104760247 -0.05081339786 0.67)
(0.04209520494 -0.1016267957 0.67)
(0.06314280742 -0.1524401936 0.67)
(0.08419040989 -0.2032535914 0.67)
(0.03889089877 -0.03889089878 0.67)
(0.07778179755 -0.07778179755 0.67)
(0.1166726963 -0.1166726963 0.67)
(0.1555635951 -0.1555635951 0.67)
(0.05081339786 -0.02104760247 0.67)
(0.1016267957 -0.04209520494 0.67)
(0.1524401936 -0.06314280742 0.67)
(0.2032535914 -0.08419040989 0.67)
)


// ************************************************************************* //
