3.000000000000000000e+01 3.000000000000000000e+01 3.000000000000000000e+01 3.000000000000000000e+01
2.999998884780198338e+01 3.000000000000000000e+01 3.000000000000000000e+01 3.000000000000000000e+01
2.999995599752346820e+01 3.000000000000000000e+01 3.000000000000000000e+01 3.000000000000000000e+01
2.999990238601568038e+01 3.000000000000000000e+01 3.000000000000000000e+01 3.000000000000000000e+01
2.999982889960598698e+01 3.000000000000000000e+01 3.000000000000000000e+01 3.000000000000000000e+01
2.999973637708795238e+01 3.000000000000000000e+01 3.000000000000000000e+01 3.000000000000000000e+01
2.999962561255874860e+01 3.000000000000000000e+01 3.000000000000000000e+01 3.000000000000000000e+01
2.999949735809313367e+01 3.000000000000000000e+01 3.000000000000000000e+01 3.000000000000000000e+01
2.999935232624340031e+01 3.000000000000000000e+01 3.000000000000000000e+01 3.000000000000000000e+01
2.999919119238471055e+01 3.000000000000000000e+01 3.000000000000000000e+01 3.000000000000000000e+01
2.999901459690906336e+01 2.999999999999999645e+01 3.000000000000000000e+01 3.000000000000000000e+01
2.999882314728230881e+01 2.999999999999999289e+01 3.000000000000000000e+01 3.000000000000000000e+01
2.999861741997010256e+01 2.999999999999997513e+01 3.000000000000000000e+01 3.000000000000000000e+01
2.999839796224343047e+01 2.999999999999995026e+01 3.000000000000000000e+01 3.000000000000000000e+01
2.999816529386988861e+01 2.999999999999989697e+01 3.000000000000000000e+01 3.000000000000000000e+01
2.999791990869961822e+01 2.999999999999980460e+01 3.000000000000000000e+01 3.000000000000000000e+01
2.999766227615268832e+01 2.999999999999963762e+01 3.000000000000000000e+01 3.000000000000000000e+01
2.999739284261259442e+01 2.999999999999937117e+01 3.000000000000000000e+01 3.000000000000000000e+01
2.999711203273482596e+01 2.999999999999892353e+01 3.000000000000000000e+01 3.000000000000000000e+01
2.999682025067346913e+01 2.999999999999822009e+01 3.000000000000000000e+01 3.000000000000000000e+01
2.999651788123306417e+01 2.999999999999714007e+01 3.000000000000000000e+01 3.000000000000000000e+01
2.999620529094896781e+01 2.999999999999551648e+01 3.000000000000000000e+01 3.000000000000000000e+01
2.999588282910261228e+01 2.999999999999312195e+01 3.000000000000000000e+01 3.000000000000000000e+01
2.999555082867379596e+01 2.999999999998965450e+01 3.000000000000000000e+01 3.000000000000000000e+01
2.999520960723628704e+01 2.999999999998473044e+01 3.000000000000000000e+01 3.000000000000000000e+01
2.999485946779831025e+01 2.999999999997783462e+01 3.000000000000000000e+01 3.000000000000000000e+01
2.999450069959326726e+01 2.999999999996833466e+01 3.000000000000000000e+01 3.000000000000000000e+01
2.999413357882230002e+01 2.999999999995540989e+01 3.000000000000000000e+01 3.000000000000000000e+01
2.999375836935317352e+01 2.999999999993805133e+01 3.000000000000000000e+01 3.000000000000000000e+01
2.999337532337731105e+01 2.999999999991500133e+01 3.000000000000000000e+01 3.000000000000000000e+01
2.999298468202780654e+01 2.999999999988473220e+01 3.000000000000000000e+01 3.000000000000000000e+01
2.999258667588637906e+01 2.999999999984537880e+01 3.000000000000000000e+01 3.000000000000000000e+01
2.999218152534882620e+01 2.999999999979468868e+01 3.000000000000000000e+01 3.000000000000000000e+01
2.999176944166280379e+01 2.999999999973000087e+01 3.000000000000000000e+01 3.000000000000000000e+01
2.999135062715050637e+01 2.999999999964811792e+01 3.000000000000000000e+01 3.000000000000000000e+01
2.999092527566551070e+01 2.999999999954529173e+01 3.000000000000000000e+01 3.000000000000000000e+01
2.999049357302390817e+01 2.999999999941711692e+01 3.000000000000000000e+01 3.000000000000000000e+01
2.999005569741021304e+01 2.999999999925845628e+01 3.000000000000000000e+01 3.000000000000000000e+01
2.998961181976041956e+01 2.999999999906335901e+01 3.000000000000000000e+01 3.000000000000000000e+01
2.998916210412321348e+01 2.999999999882495061e+01 3.000000000000000000e+01 3.000000000000000000e+01
2.998870670800085136e+01 2.999999999853535115e+01 3.000000000000000000e+01 3.000000000000000000e+01
2.998824578267100804e+01 2.999999999818555452e+01 3.000000000000000000e+01 3.000000000000000000e+01
2.998777947349032047e+01 2.999999999776530757e+01 3.000000000000000000e+01 3.000000000000000000e+01
2.998730792018140789e+01 2.999999999726299293e+01 3.000000000000000000e+01 3.000000000000000000e+01
2.998683125710396524e+01 2.999999999666549755e+01 3.000000000000000000e+01 3.000000000000000000e+01
2.998634961351080008e+01 2.999999999595808475e+01 3.000000000000000000e+01 3.000000000000000000e+01
2.998586311379008151e+01 2.999999999512424864e+01 3.000000000000000000e+01 3.000000000000000000e+01
2.998537187769425927e+01 2.999999999414555063e+01 3.000000000000000000e+01 3.000000000000000000e+01
2.998487602055672596e+01 2.999999999300147735e+01 3.000000000000000000e+01 3.000000000000000000e+01
2.998437565349676959e+01 2.999999999166925946e+01 3.000000000000000000e+01 3.000000000000000000e+01
2.998387088361367603e+01 2.999999999012374374e+01 3.000000000000000000e+01 3.000000000000000000e+01
2.998336181417034041e+01 2.999999998833717285e+01 3.000000000000000000e+01 3.000000000000000000e+01
2.998284854476735362e+01 2.999999998627901121e+01 3.000000000000000000e+01 3.000000000000000000e+01
2.998233117150797256e+01 2.999999998391576739e+01 3.000000000000000000e+01 3.000000000000000000e+01
2.998180978715431522e+01 2.999999998121081646e+01 3.000000000000000000e+01 3.000000000000000000e+01
2.998128448127551593e+01 2.999999997812417263e+01 3.000000000000000000e+01 3.000000000000000000e+01
2.998075534038842704e+01 2.999999997461228318e+01 3.000000000000000000e+01 3.000000000000000000e+01
2.998022244809077108e+01 2.999999997062786150e+01 3.000000000000000000e+01 3.000000000000000000e+01
2.997968588518785182e+01 2.999999996611962771e+01 3.000000000000000000e+01 3.000000000000000000e+01
2.997914572981257564e+01 2.999999996103209909e+01 3.000000000000000000e+01 3.000000000000000000e+01
2.997860205753977780e+01 2.999999995530540531e+01 2.999999999999999645e+01 3.000000000000000000e+01
2.997805494149442751e+01 2.999999994887501131e+01 2.999999999999999645e+01 3.000000000000000000e+01
2.997750445245469564e+01 2.999999994167152551e+01 2.999999999999999645e+01 3.000000000000000000e+01
2.997695065894998478e+01 2.999999993362045103e+01 2.999999999999999289e+01 3.000000000000000000e+01
2.997639362735400326e+01 2.999999992464195842e+01 2.999999999999999289e+01 3.000000000000000000e+01
2.997583342197338752e+01 2.999999991465065108e+01 2.999999999999999289e+01 3.000000000000000000e+01
2.997527010513207557e+01 2.999999990355530954e+01 2.999999999999998224e+01 3.000000000000000000e+01
2.997470373725149884e+01 2.999999989125867117e+01 2.999999999999998224e+01 3.000000000000000000e+01
2.997413437692701166e+01 2.999999987765718146e+01 2.999999999999997868e+01 3.000000000000000000e+01
2.997356208100081787e+01 2.999999986264075247e+01 2.999999999999997513e+01 3.000000000000000000e+01
2.997298690463118476e+01 2.999999984609251058e+01 2.999999999999996803e+01 3.000000000000000000e+01
2.997240890135870472e+01 2.999999982788856556e+01 2.999999999999996092e+01 3.000000000000000000e+01
2.997182812316921741e+01 2.999999980789776899e+01 2.999999999999995026e+01 3.000000000000000000e+01
2.997124462055406724e+01 2.999999978598143358e+01 2.999999999999993960e+01 3.000000000000000000e+01
2.997065844256743716e+01 2.999999976199315910e+01 2.999999999999992539e+01 3.000000000000000000e+01
2.997006963688102843e+01 2.999999973577853396e+01 2.999999999999991118e+01 3.000000000000000000e+01
2.996947824983643471e+01 2.999999970717491493e+01 2.999999999999989342e+01 3.000000000000000000e+01
2.996888432649509326e+01 2.999999967601119621e+01 2.999999999999986855e+01 3.000000000000000000e+01
2.996828791068587350e+01 2.999999964210755010e+01 2.999999999999984723e+01 3.000000000000000000e+01
2.996768904505071873e+01 2.999999960527522802e+01 2.999999999999981171e+01 3.000000000000000000e+01
2.996708777108817401e+01 2.999999956531629408e+01 2.999999999999977618e+01 3.000000000000000000e+01
2.996648412919514826e+01 2.999999952202342612e+01 2.999999999999973355e+01 3.000000000000000000e+01
2.996587815870660521e+01 2.999999947517968835e+01 2.999999999999968381e+01 3.000000000000000000e+01
2.996526989793381190e+01 2.999999942455827195e+01 2.999999999999962341e+01 3.000000000000000000e+01
2.996465938420077180e+01 2.999999936992232819e+01 2.999999999999955236e+01 3.000000000000000000e+01
2.996404665387918698e+01 2.999999931102471251e+01 2.999999999999947065e+01 3.000000000000000000e+01
2.996343174242180396e+01 2.999999924760782832e+01 2.999999999999937828e+01 3.000000000000000000e+01
2.996281468439463680e+01 2.999999917940334981e+01 2.999999999999926814e+01 3.000000000000000000e+01
2.996219551350749200e+01 2.999999910613209764e+01 2.999999999999914024e+01 3.000000000000000000e+01
2.996157426264353774e+01 2.999999902750378311e+01 2.999999999999899458e+01 3.000000000000000000e+01
2.996095096388739876e+01 2.999999894321685900e+01 2.999999999999882405e+01 3.000000000000000000e+01
2.996032564855231328e+01 2.999999885295830282e+01 2.999999999999862865e+01 3.000000000000000000e+01
2.995969834720599678e+01 2.999999875640346758e+01 2.999999999999840838e+01 3.000000000000000000e+01
2.995906908969563887e+01 2.999999865321588999e+01 2.999999999999814904e+01 3.000000000000000000e+01
2.995843790517171712e+01 2.999999854304711633e+01 2.999999999999785771e+01 3.000000000000000000e+01
2.995780482211102225e+01 2.999999842553657814e+01 2.999999999999751665e+01 3.000000000000000000e+01
2.995716986833865292e+01 2.999999830031137549e+01 2.999999999999713296e+01 3.000000000000000000e+01
2.995653307104919350e+01 2.999999816698618815e+01 2.999999999999669598e+01 3.000000000000000000e+01
2.995589445682703555e+01 2.999999802516308733e+01 2.999999999999619860e+01 3.000000000000000000e+01
2.995525405166599597e+01 2.999999787443143973e+01 2.999999999999563016e+01 3.000000000000000000e+01
2.995461188098803618e+01 2.999999771436772633e+01 2.999999999999499067e+01 3.000000000000000000e+01
2.995396796966135611e+01 2.999999754453547141e+01 2.999999999999426592e+01 3.000000000000000000e+01
2.995332234201777055e+01 2.999999736448508614e+01 2.999999999999344169e+01 3.000000000000000000e+01
2.995267502186942821e+01 2.999999717375378694e+01 2.999999999999252154e+01 3.000000000000000000e+01
2.995202603252491613e+01 2.999999697186544978e+01 2.999999999999147349e+01 3.000000000000000000e+01
2.995137539680475314e+01 2.999999675833058532e+01 2.999999999999030109e+01 3.000000000000000000e+01
2.995072313705623657e+01 2.999999653264615773e+01 2.999999999998897948e+01 3.000000000000000000e+01
2.995006927516784856e+01 2.999999629429558823e+01 2.999999999998749800e+01 3.000000000000000000e+01
2.994941383258312584e+01 2.999999604274860943e+01 2.999999999998584244e+01 3.000000000000000000e+01
2.994875683031387226e+01 2.999999577746124046e+01 2.999999999998398792e+01 3.000000000000000000e+01
2.994809828895308357e+01 2.999999549787570885e+01 2.999999999998190603e+01 3.000000000000000000e+01
2.994743822868728245e+01 2.999999520342037584e+01 2.999999999997958966e+01 3.000000000000000000e+01
2.994677666930845206e+01 2.999999489350973292e+01 2.999999999997701039e+01 3.000000000000000000e+01
2.994611363022551487e+01 2.999999456754432359e+01 2.999999999997413269e+01 3.000000000000000000e+01
2.994544913047549883e+01 2.999999422491069367e+01 2.999999999997093525e+01 3.000000000000000000e+01
2.994478318873413869e+01 2.999999386498142329e+01 2.999999999996737898e+01 3.000000000000000000e+01
2.994411582332622856e+01 2.999999348711503799e+01 2.999999999996343902e+01 3.000000000000000000e+01
2.994344705223562997e+01 2.999999309065602660e+01 2.999999999995906919e+01 3.000000000000000000e+01
2.994277689311487478e+01 2.999999267493482691e+01 2.999999999995423394e+01 3.000000000000000000e+01
2.994210536329438099e+01 2.999999223926783642e+01 2.999999999994887645e+01 3.000000000000000000e+01
2.994143247979150146e+01 2.999999178295737323e+01 2.999999999994296829e+01 3.000000000000000000e+01
2.994075825931910018e+01 2.999999130529175062e+01 2.999999999993645261e+01 3.000000000000000000e+01
2.994008271829401124e+01 2.999999080554521669e+01 2.999999999992926192e+01 3.000000000000000000e+01
2.993940587284502541e+01 2.999999028297804671e+01 2.999999999992135002e+01 3.000000000000000000e+01
2.993872773882075933e+01 2.999998973683653603e+01 2.999999999991264943e+01 3.000000000000000000e+01
2.993804833179716240e+01 2.999998916635303203e+01 2.999999999990307842e+01 3.000000000000000000e+01
2.993736766708485675e+01 2.999998857074598035e+01 2.999999999989257660e+01 3.000000000000000000e+01
2.993668575973609336e+01 2.999998794921998524e+01 2.999999999988105870e+01 3.000000000000000000e+01
2.993600262455172611e+01 2.999998730096584154e+01 2.999999999986843591e+01 3.000000000000000000e+01
2.993531827608767415e+01 2.999998662516058445e+01 2.999999999985461230e+01 3.000000000000000000e+01
2.993463272866133806e+01 2.999998592096759609e+01 2.999999999983949905e+01 3.000000000000000000e+01
2.993394599635781006e+01 2.999998518753661259e+01 2.999999999982298249e+01 3.000000000000000000e+01
2.993325809303582119e+01 2.999998442400382714e+01 2.999999999980494536e+01 3.000000000000000000e+01
2.993256903233349320e+01 2.999998362949198949e+01 2.999999999978527399e+01 3.000000000000000000e+01
2.993187882767399799e+01 2.999998280311046273e+01 2.999999999976383336e+01 3.000000000000000000e+01
2.993118749227090802e+01 2.999998194395528728e+01 2.999999999974048492e+01 3.000000000000000000e+01
2.993049503913350762e+01 2.999998105110933366e+01 2.999999999971507947e+01 3.000000000000000000e+01
2.992980148107183425e+01 2.999998012364234867e+01 2.999999999968745357e+01 3.000000000000000000e+01
2.992910683070158839e+01 2.999997916061107972e+01 2.999999999965745090e+01 3.000000000000000000e+01
2.992841110044891906e+01 2.999997816105937787e+01 2.999999999962487962e+01 3.000000000000000000e+01
2.992771430255504939e+01 2.999997712401829375e+01 2.999999999958955854e+01 3.000000000000000000e+01
2.992701644908074243e+01 2.999997604850621613e+01 2.999999999955127095e+01 3.000000000000000000e+01
2.992631755191062126e+01 2.999997493352896782e+01 2.999999999950981078e+01 3.000000000000000000e+01
2.992561762275741444e+01 2.999997377807994070e+01 2.999999999946494000e+01 3.000000000000000000e+01
2.992491667316597770e+01 2.999997258114020582e+01 2.999999999941641704e+01 3.000000000000000000e+01
2.992421471451729076e+01 2.999997134167866975e+01 2.999999999936398964e+01 3.000000000000000000e+01
2.992351175803224095e+01 2.999997005865218469e+01 2.999999999930738070e+01 3.000000000000000000e+01
2.992280781477539975e+01 2.999996873100567640e+01 2.999999999924629179e+01 3.000000000000000000e+01
2.992210289565858261e+01 2.999996735767231115e+01 2.999999999918042448e+01 3.000000000000000000e+01
2.992139701144433772e+01 2.999996593757361296e+01 2.999999999910944481e+01 3.000000000000000000e+01
2.992069017274937437e+01 2.999996446961961638e+01 2.999999999903301529e+01 3.000000000000000000e+01
2.991998239004783144e+01 2.999996295270903346e+01 2.999999999895076286e+01 3.000000000000000000e+01
2.991927367367446067e+01 2.999996138572935678e+01 2.999999999886232516e+01 3.000000000000000000e+01
2.991856403382775298e+01 2.999995976755705129e+01 2.999999999876726520e+01 3.000000000000000000e+01
2.991785348057292637e+01 2.999995809705771777e+01 2.999999999866517797e+01 3.000000000000000000e+01
2.991714202384485333e+01 2.999995637308621710e+01 2.999999999855559807e+01 2.999999999999999645e+01
2.991642967345091719e+01 2.999995459448683377e+01 2.999999999843804943e+01 2.999999999999999645e+01
2.991571643907371225e+01 2.999995276009346767e+01 2.999999999831203468e+01 2.999999999999999645e+01
2.991500233027377220e+01 2.999995086872976557e+01 2.999999999817702800e+01 2.999999999999999645e+01
2.991428735649216719e+01 2.999994891920930939e+01 2.999999999803247164e+01 2.999999999999999645e+01
2.991357152705297651e+01 2.999994691033576899e+01 2.999999999787777938e+01 2.999999999999999289e+01
2.991285485116579679e+01 2.999994484090306202e+01 2.999999999771233661e+01 2.999999999999999289e+01
2.991213733792808682e+01 2.999994270969557775e+01 2.999999999753548963e+01 2.999999999999999289e+01
2.991141899632751588e+01 2.999994051548825880e+01 2.999999999734657763e+01 2.999999999999999289e+01
2.991069983524416998e+01 2.999993825704686756e+01 2.999999999714487586e+01 2.999999999999999289e+01
2.990997986345278292e+01 2.999993593312808926e+01 2.999999999692963470e+01 2.999999999999999289e+01
2.990925908962484669e+01 2.999993354247974864e+01 2.999999999670008677e+01 2.999999999999998934e+01
2.990853752233066132e+01 2.999993108384097695e+01 2.999999999645539006e+01 2.999999999999998224e+01
2.990781517004137058e+01 2.999992855594237540e+01 2.999999999619469904e+01 2.999999999999998224e+01
2.990709204113090536e+01 2.999992595750620694e+01 2.999999999591710420e+01 2.999999999999998224e+01
2.990636814387788789e+01 2.999992328724658108e+01 2.999999999562166053e+01 2.999999999999997868e+01
2.990564348646747206e+01 2.999992054386961726e+01 2.999999999530738748e+01 2.999999999999997513e+01
2.990491807699314464e+01 2.999991772607362250e+01 2.999999999497325121e+01 2.999999999999997513e+01
2.990419192345850163e+01 2.999991483254929037e+01 2.999999999461817168e+01 2.999999999999997158e+01
2.990346503377888610e+01 2.999991186197988924e+01 2.999999999424101560e+01 2.999999999999996803e+01
2.990273741578314670e+01 2.999990881304140444e+01 2.999999999384061056e+01 2.999999999999996803e+01
2.990200907721515122e+01 2.999990568440273719e+01 2.999999999341572021e+01 2.999999999999996092e+01
2.990128002573542432e+01 2.999990247472590710e+01 2.999999999296506914e+01 2.999999999999996092e+01
2.990055026892262191e+01 2.999989918266621558e+01 2.999999999248731442e+01 2.999999999999995026e+01
2.989981981427507307e+01 2.999989580687242352e+01 2.999999999198105982e+01 2.999999999999994671e+01
2.989908866921219754e+01 2.999989234598693955e+01 2.999999999144483809e+01 2.999999999999993960e+01
2.989839836069728563e+01 2.999988879948183040e+01 2.999999999087815539e+01 2.999999999999993605e+01
2.989778856217209579e+01 2.999988516516240011e+01 2.999999999027849995e+01 2.999999999999992539e+01
2.989725660791324557e+01 2.999988144165287096e+01 2.999999998964423753e+01 2.999999999999991829e+01
2.989679994644528449e+01 2.999987762757186616e+01 2.999999998897365217e+01 2.999999999999991118e+01
2.989641613385891361e+01 2.999987372153253773e+01 2.999999998826496395e+01 2.999999999999990408e+01
2.989610282768271787e+01 2.999986972214278680e+01 2.999999998751633257e+01 2.999999999999988987e+01
2.989585778124982340e+01 2.999986562800542700e+01 2.999999998672583246e+01 2.999999999999987921e+01
2.989567883850829233e+01 2.999986143771837632e+01 2.999999998589146344e+01 2.999999999999986500e+01
2.989556392922977679e+01 2.999985714987479923e+01 2.999999998501114717e+01 2.999999999999985434e+01
2.989551106457658491e+01 2.999985276306334114e+01 2.999999998408272361e+01 2.999999999999983658e+01
2.989551833299164230e+01 2.999984827586825631e+01 2.999999998310396521e+01 2.999999999999982236e+01
2.989558389638023428e+01 2.999984368686962100e+01 2.999999998207253427e+01 2.999999999999980460e+01
2.989570598655552658e+01 2.999983899464347914e+01 2.999999998098602561e+01 2.999999999999978328e+01
2.989588290192338249e+01 2.999983419776205551e+01 2.999999997984194877e+01 2.999999999999976552e+01
2.989611300438444275e+01 2.999982929479391558e+01 2.999999997863769252e+01 2.999999999999974065e+01
2.989639471643394941e+01 2.999982428430414316e+01 2.999999997737057456e+01 2.999999999999971578e+01
2.989672651844191620e+01 2.999981916485455713e+01 2.999999997603780244e+01 2.999999999999969091e+01
2.989710691968080525e+01 2.999981393497740001e+01 2.999999997463645940e+01 2.999999999999966249e+01
2.989753453351421797e+01 2.999980859325074078e+01 2.999999997316356826e+01 2.999999999999963052e+01
2.989800799923692054e+01 2.999980313822734956e+01 2.999999997161605592e+01 2.999999999999959854e+01
2.989852600464400112e+01 2.999979756845746692e+01 2.999999996999071428e+01 2.999999999999956302e+01
2.989908728400991933e+01 2.999979188248899575e+01 2.999999996828421445e+01 2.999999999999952038e+01
2.989969061617558310e+01 2.999978607886772508e+01 2.999999996649314227e+01 2.999999999999947775e+01
2.990033482273528520e+01 2.999978015613756455e+01 2.999999996461395213e+01 2.999999999999942801e+01
2.990101876631624478e+01 2.999977411284074336e+01 2.999999996264297764e+01 2.999999999999937472e+01
2.990174134897096181e+01 2.999976794751811227e+01 2.999999996057642448e+01 2.999999999999932143e+01
2.990250151072202911e+01 2.999976165870955569e+01 2.999999995841039180e+01 2.999999999999926104e+01
2.990329822778298308e+01 2.999975524495382118e+01 2.999999995614082948e+01 2.999999999999919709e+01
2.990413051132257038e+01 2.999974870478903810e+01 2.999999995376357020e+01 2.999999999999912603e+01
2.990499740611909019e+01 2.999974203675303031e+01 2.999999995127430807e+01 2.999999999999905143e+01
2.990589798927567955e+01 2.999973523938357189e+01 2.999999994866859510e+01 2.999999999999897327e+01
2.990683136899286509e+01 2.999972831121879580e+01 2.999999994594184471e+01 2.999999999999888800e+01
2.990779668339494890e+01 2.999972125079744245e+01 2.999999994308933182e+01 2.999999999999879563e+01
2.990879309940699571e+01 2.999971405665930391e+01 2.999999994010617144e+01 2.999999999999869260e+01
2.990981981167977821e+01 2.999970672734556132e+01 2.999999993698734713e+01 2.999999999999858602e+01
2.991087604155977786e+01 2.999969926139920418e+01 2.999999993372766127e+01 2.999999999999846878e+01
2.991196103610198875e+01 2.999969165736545662e+01 2.999999993032178480e+01 2.999999999999834444e+01
2.991307406712323314e+01 2.999968391379220378e+01 2.999999992676421812e+01 2.999999999999820588e+01
2.991421443029384264e+01 2.999967602923048204e+01 2.999999992304929819e+01 2.999999999999806022e+01
2.991538144426592183e+01 2.999966800223495511e+01 2.999999991917118791e+01 2.999999999999790390e+01
2.991657444983622582e+01 2.999965983136443626e+01 2.999999991512389741e+01 2.999999999999774403e+01
2.991779280914217765e+01 2.999965151518242124e+01 2.999999991090123430e+01 2.999999999999755929e+01
2.991903590488927023e+01 2.999964305225763539e+01 2.999999990649684634e+01 2.999999999999736389e+01
2.992030313960862742e+01 2.999963444116464828e+01 2.999999990190420718e+01 2.999999999999716138e+01
2.992159393494313946e+01 2.999962568048445277e+01 2.999999989711658799e+01 2.999999999999693756e+01
2.992290773096108936e+01 2.999961676880511874e+01 2.999999989212707874e+01 2.999999999999670308e+01
2.992424398549594855e+01 2.999960770472244320e+01 2.999999988692858466e+01 2.999999999999644729e+01
2.992560217351129026e+01 2.999959848684061825e+01 2.999999988151379782e+01 2.999999999999618083e+01
2.992698178648967655e+01 2.999958911377297355e+01 2.999999987587522199e+01 2.999999999999588596e+01
2.992838233184468422e+01 2.999957958414264425e+01 2.999999987000515489e+01 2.999999999999557687e+01
2.992980333235485446e+01 2.999956989658338813e+01 2.999999986389567752e+01 2.999999999999525002e+01
2.993124432561893755e+01 2.999956004974030677e+01 2.999999985753868614e+01 2.999999999999489475e+01
2.993270486353141990e+01 2.999955004227068756e+01 2.999999985092583188e+01 2.999999999999451816e+01
2.993418451177758755e+01 2.999953987284476753e+01 2.999999984404856690e+01 2.999999999999411315e+01
2.993568284934729107e+01 2.999952954014663575e+01 2.999999983689810534e+01 2.999999999999368328e+01
2.993719946806676191e+01 2.999951904287504334e+01 2.999999982946544819e+01 2.999999999999322498e+01
2.993873397214773746e+01 2.999950837974430229e+01 2.999999982174136193e+01 2.999999999999273115e+01
2.994028597775322709e+01 2.999949754948517722e+01 2.999999981371637503e+01 2.999999999999220890e+01
2.994185511257926890e+01 2.999948655084581972e+01 2.999999980538077793e+01 2.999999999999165468e+01
2.994344101545211956e+01 2.999947538259266722e+01 2.999999979672461237e+01 2.999999999999106493e+01
2.994504333594019840e+01 2.999946404351141638e+01 2.999999978773769982e+01 2.999999999999042544e+01
2.994666173398036335e+01 2.999945253240799659e+01 2.999999977840957399e+01 2.999999999998975753e+01
2.994829587951781846e+01 2.999944084810951495e+01 2.999999976872954122e+01 2.999999999998903988e+01
2.994994545215929804e+01 2.999942898946527592e+01 2.999999975868663427e+01 2.999999999998827960e+01
2.995161014083890905e+01 2.999941695534776542e+01 2.999999974826963367e+01 2.999999999998746603e+01
2.995328964349622680e+01 2.999940474465370244e+01 2.999999973746705351e+01 2.999999999998660627e+01
2.995498366676615376e+01 2.999939235630498402e+01 2.999999972626712363e+01 2.999999999998569677e+01
2.995669192568016115e+01 2.999937978924982573e+01 2.999999971465780391e+01 2.999999999998472688e+01
2.995841414337839126e+01 2.999936704246370667e+01 2.999999970262679128e+01 2.999999999998368949e+01
2.996015005083230776e+01 2.999935411495045301e+01 2.999999969016148071e+01 2.999999999998259881e+01
2.996189938657747831e+01 2.999934100574333229e+01 2.999999967724897232e+01 2.999999999998143707e+01
2.996366189645605971e+01 2.999932771390601971e+01 2.999999966387610684e+01 2.999999999998020073e+01
2.996543733336872961e+01 2.999931423853372081e+01 2.999999965002939462e+01 2.999999999997889333e+01
2.996722545703562091e+01 2.999930057875423017e+01 2.999999963569505823e+01 2.999999999997751132e+01
2.996902603376596730e+01 2.999928673372895815e+01 2.999999962085903960e+01 2.999999999997604405e+01
2.997083883624350165e+01 2.999927270265403578e+01 2.999999960550693956e+01 2.999999999997448796e+01
2.997266364331436250e+01 2.999925848476139478e+01 2.999999958962404634e+01 2.999999999997283950e+01
2.997450023977039280e+01 2.999924407931974457e+01 2.999999957319535682e+01 2.999999999997109867e+01
2.997634841615051826e+01 2.999922948563565228e+01 2.999999955620553038e+01 2.999999999996925482e+01
2.997820796854943737e+01 2.999921470305457305e+01 2.999999953863891022e+01 2.999999999996729727e+01
2.998007869843317863e+01 2.999919973096189096e+01 2.999999952047949137e+01 2.999999999996522959e+01
2.998196041246140098e+01 2.999918456878395645e+01 2.999999950171095264e+01 2.999999999996304467e+01
2.998385292231607124e+01 2.999916921598910236e+01 2.999999948231663538e+01 2.999999999996073186e+01
2.998575604453634114e+01 2.999915367208867067e+01 2.999999946227953629e+01 2.999999999995829469e+01
2.998766960035940343e+01 2.999913793663798955e+01 2.999999944158229326e+01 2.999999999995571542e+01
2.998959341556705027e+01 2.999912200923738581e+01 2.999999942020721377e+01 2.999999999995298694e+01
2.999152732033778435e+01 2.999910588953316548e+01 2.999999939813622518e+01 2.999999999995011279e+01
2.999347114910422007e+01 2.999908957721858727e+01 2.999999937535092798e+01 2.999999999994707522e+01
2.999542474041561846e+01 2.999907307203476492e+01 2.999999935183253186e+01 2.999999999994387068e+01
2.999738793680535309e+01 2.999905637377168688e+01 2.999999932756189125e+01 2.999999999994049205e+01
2.999936058466308353e+01 2.999903948226908668e+01 2.999999930251950175e+01 2.999999999993692157e+01
3.000134253411154361e+01 2.999902239741734178e+01 2.999999927668544686e+01 2.999999999993316280e+01
3.000333363888770677e+01 2.999900511915840440e+01 2.999999925003946899e+01 2.999999999992920152e+01
3.000533375622815413e+01 2.999898764748664348e+01 2.999999922256090557e+01 2.999999999992502708e+01
3.000734274675853186e+01 2.999896998244970092e+01 2.999999919422870676e+01 2.999999999992062527e+01
3.000936047438698040e+01 2.999895212414932999e+01 2.999999916502144259e+01 2.999999999991598898e+01
3.001138680620123012e+01 2.999893407274223023e+01 2.999999913491728165e+01 2.999999999991111466e+01
3.001342161236943085e+01 2.999891582844080062e+01 2.999999910389398750e+01 2.999999999990598099e+01
3.001546476604440983e+01 2.999889739151394608e+01 2.999999907192891868e+01 2.999999999990057375e+01
3.001751614327135087e+01 2.999887876228782346e+01 2.999999903899903231e+01 2.999999999989488941e+01
3.001957562289864967e+01 2.999885994114658061e+01 2.999999900508087691e+01 2.999999999988890664e+01
3.002164308649193458e+01 2.999884092853302420e+01 2.999999897015056760e+01 2.999999999988261479e+01
3.002371841825110721e+01 2.999882172494938004e+01 2.999999893418382513e+01 2.999999999987599963e+01
3.002580150493018607e+01 2.999880233095788995e+01 2.999999889715592971e+01 2.999999999986905053e+01
3.002789223576004218e+01 2.999878274718147964e+01 2.999999885904172814e+01 2.999999999986174970e+01
3.002999050237371748e+01 2.999876297430439465e+01 2.999999881981564798e+01 2.999999999985407939e+01
3.003209619873440772e+01 2.999874301307276170e+01 2.999999877945168691e+01 2.999999999984601828e+01
3.003420922106585067e+01 2.999872286429518198e+01 2.999999873792338434e+01 2.999999999983755217e+01
3.003632946778514423e+01 2.999870252884326050e+01 2.999999869520385687e+01 2.999999999982867394e+01
3.003845683943772471e+01 2.999868200765215320e+01 2.999999865126576637e+01 2.999999999981935517e+01
3.004059123863486391e+01 2.999866130172102530e+01 2.999999860608133062e+01 2.999999999980957455e+01
3.004273256999325525e+01 2.999864041211358057e+01 2.999999855962230200e+01 2.999999999979931431e+01
3.004488074007639753e+01 2.999861933995843444e+01 2.999999851185998878e+01 2.999999999978856025e+01
3.004703565733810322e+01 2.999859808644961134e+01 2.999999846276523385e+01 2.999999999977728038e+01
3.004919723206787552e+01 2.999857665284690000e+01 2.999999841230841824e+01 2.999999999976546050e+01
3.005136537633816118e+01 2.999855504047624422e+01 2.999999836045945401e+01 2.999999999975306508e+01
3.005354000395336911e+01 2.999853325073008037e+01 2.999999830718778782e+01 2.999999999974008347e+01
3.005572103040056930e+01 2.999851128506768916e+01 2.999999825246238672e+01 2.999999999972648723e+01
3.005790837280186167e+01 2.999848914501545849e+01 2.999999819625176301e+01 2.999999999971224796e+01
3.006010194986830442e+01 2.999846683216718546e+01 2.999999813852391384e+01 2.999999999969733366e+01
3.006230168185535945e+01 2.999844434818433925e+01 2.999999807924638517e+01 2.999999999968173015e+01
3.006450749051985838e+01 2.999842169479625653e+01 2.999999801838621849e+01 2.999999999966539121e+01
3.006671929907829011e+01 2.999839887380034753e+01 2.999999795590999341e+01 2.999999999964829911e+01
3.006893703216653435e+01 2.999837588706231628e+01 2.999999789178375664e+01 2.999999999963042896e+01
3.007116061580089195e+01 2.999835273651626721e+01 2.999999782597310727e+01 2.999999999961172747e+01
3.007338997734033725e+01 2.999832942416487214e+01 2.999999775844312211e+01 2.999999999959217689e+01
3.007562504545003890e+01 2.999830595207945549e+01 2.999999768915838061e+01 2.999999999957173458e+01
3.007786575006604934e+01 2.999828232240008319e+01 2.999999761808297194e+01 2.999999999955037211e+01
3.008011202236110648e+01 2.999825853733565495e+01 2.999999754518048078e+01 2.999999999952805396e+01
3.008236379471154720e+01 2.999823459916390078e+01 2.999999747041399090e+01 2.999999999950472684e+01
3.008462100066527611e+01 2.999821051023142360e+01 2.999999739374604957e+01 2.999999999948037299e+01
3.008688357491075038e+01 2.999818627295369922e+01 2.999999731513873868e+01 2.999999999945492846e+01
3.008915145324694862e+01 2.999816188981503018e+01 2.999999723455360368e+01 2.999999999942837192e+01
3.009142457255426351e+01 2.999813736336852088e+01 2.999999715195167838e+01 2.999999999940064299e+01
3.009370287076635719e+01 2.999811269623598875e+01 2.999999706729348858e+01 2.999999999937170259e+01
3.009598628684284805e+01 2.999808789110788254e+01 2.999999698053903785e+01 2.999999999934150807e+01
3.009827476074286778e+01 2.999806295074319706e+01 2.999999689164781458e+01 2.999999999931000971e+01
3.010056823339944998e+01 2.999803787796929555e+01 2.999999680057879914e+01 2.999999999927715777e+01
3.010286664669470724e+01 2.999801267568178531e+01 2.999999670729042123e+01 2.999999999924289540e+01
3.010516994343574382e+01 2.999798734684435786e+01 2.999999661174063448e+01 2.999999999920716576e+01
3.010747806733135334e+01 2.999796189448859352e+01 2.999999651388682409e+01 2.999999999916992621e+01
3.010979096296942004e+01 2.999793632171374469e+01 2.999999641368588854e+01 2.999999999913111637e+01
3.011210857579493094e+01 2.999791063168650496e+01 2.999999631109418985e+01 2.999999999909066872e+01
3.011443085208881953e+01 2.999788482764080655e+01 2.999999620606754647e+01 2.999999999904852999e+01
3.011675773894724628e+01 2.999785891287751838e+01 2.999999609856127591e+01 2.999999999900464331e+01
3.011908918426167858e+01 2.999783289076415826e+01 2.999999598853017346e+01 2.999999999895893765e+01
3.012142513669946453e+01 2.999780676473465135e+01 2.999999587592848727e+01 2.999999999891133839e+01
3.012376554568501064e+01 2.999778053828898194e+01 2.999999576070996454e+01 2.999999999886179580e+01
3.012611036138155285e+01 2.999775421499285599e+01 2.999999564282779829e+01 2.999999999881022106e+01
3.012845953467342852e+01 2.999772779847740267e+01 2.999999552223468413e+01 2.999999999875654666e+01
3.013081301714885996e+01 2.999770129243875516e+01 2.999999539888278122e+01 2.999999999870070866e+01
3.013317076108331349e+01 2.999767470063774155e+01 2.999999527272371580e+01 2.999999999864261468e+01
3.013553271942326006e+01 2.999764802689944432e+01 2.999999514370861675e+01 2.999999999858219368e+01
3.013789884577050060e+01 2.999762127511283794e+01 2.999999501178806227e+01 2.999999999851936039e+01
3.014026909436685031e+01 2.999759444923035900e+01 2.999999487691211542e+01 2.999999999845402954e+01
3.014264342007932385e+01 2.999756755326745861e+01 2.999999473903033476e+01 2.999999999838611231e+01
3.014502177838577524e+01 2.999754059130219019e+01 2.999999459809174596e+01 2.999999999831552699e+01
3.014740412536087177e+01 2.999751356747475839e+01 2.999999445404485954e+01 2.999999999824217056e+01
3.014979041766252976e+01 2.999748648598702871e+01 2.999999430683767088e+01 2.999999999816595420e+01
3.015218061251871262e+01 2.999745935110204798e+01 2.999999415641766731e+01 2.999999999808677487e+01
3.015457466771463402e+01 2.999743216714361083e+01 2.999999400273180683e+01 2.999999999800453665e+01
3.015697254158026652e+01 2.999740493849567358e+01 2.999999384572656069e+01 2.999999999791913297e+01
3.015937419297826239e+01 2.999737766960192431e+01 2.999999368534789568e+01 2.999999999783045723e+01
3.016177958129217984e+01 2.999735036496522156e+01 2.999999352154123144e+01 2.999999999773839932e+01
3.016418866641504337e+01 2.999732302914705784e+01 2.999999335425153646e+01 2.999999999764284908e+01
3.016660140873823792e+01 2.999729566676705517e+01 2.999999318342325338e+01 2.999999999754368929e+01
3.016901776914069089e+01 2.999726828250239308e+01 2.999999300900034527e+01 2.999999999744078849e+01
3.017143770897837740e+01 2.999724088108722952e+01 2.999999283092626001e+01 2.999999999733404010e+01
3.017386119007407075e+01 2.999721346731219640e+01 2.999999264914398722e+01 2.999999999722330557e+01
3.017628817470745872e+01 2.999718604602377781e+01 2.999999246359599425e+01 2.999999999710846410e+01
3.017871862560542695e+01 2.999715862212373807e+01 2.999999227422431503e+01 2.999999999698937714e+01
3.018115250593269394e+01 2.999713120056853555e+01 2.999999208097045411e+01 2.999999999686590613e+01
3.018358977928264508e+01 2.999710378636875063e+01 2.999999188377548975e+01 2.999999999673791962e+01
3.018603040966844731e+01 2.999707638458843206e+01 2.999999168258000282e+01 2.999999999660525418e+01
3.018847436151436980e+01 2.999704900034455335e+01 2.999999147732413007e+01 2.999999999646777482e+01
3.019092159964740318e+01 2.999702163880633776e+01 2.999999126794753224e+01 2.999999999632533232e+01
3.019337208928901717e+01 2.999699430519468279e+01 2.999999105438943658e+01 2.999999999617775970e+01
3.019582579604720607e+01 2.999696700478153133e+01 2.999999083658860499e+01 2.999999999602489353e+01
3.019828268590871545e+01 2.999693974288919662e+01 2.999999061448337301e+01 2.999999999586657751e+01
3.020074272523148196e+01 2.999691252488978321e+01 2.999999038801163209e+01 2.999999999570263398e+01
3.020320588073727563e+01 2.999688535620453678e+01 2.999999015711082961e+01 2.999999999553289953e+01
3.020567211950452702e+01 2.999685824230315845e+01 2.999998992171802925e+01 2.999999999535717876e+01
3.020814140896135669e+01 2.999683118870322573e+01 2.999998968176983993e+01 2.999999999517530114e+01
3.021061371687876829e+01 2.999680420096948197e+01 2.999998943720247979e+01 2.999999999498708192e+01
3.021308901136403335e+01 2.999677728471320393e+01 2.999998918795174419e+01 2.999999999479230084e+01
3.021556726085427158e+01 2.999675044559156945e+01 2.999998893395305899e+01 2.999999999459079802e+01
3.021804843411010921e+01 2.999672368930695754e+01 2.999998867514144862e+01 2.999999999438233544e+01
3.022053250020963233e+01 2.999669702160631601e+01 2.999998841145153960e+01 2.999999999416672480e+01
3.022301942854236856e+01 2.999667044828047224e+01 2.999998814281761028e+01 2.999999999394375294e+01
3.022550918880352455e+01 2.999664397516351855e+01 2.999998786917356242e+01 2.999999999371318538e+01
3.022800175098829101e+01 2.999661760813204481e+01 2.999998759045294250e+01 2.999999999347482316e+01
3.023049708538633951e+01 2.999659135310458424e+01 2.999998730658894175e+01 2.999999999322840338e+01
3.023299516257646502e+01 2.999656521604087089e+01 2.999998701751443164e+01 2.999999999297370934e+01
3.023549595342131369e+01 2.999653920294119658e+01 2.999998672316191772e+01 2.999999999271050655e+01
3.023799942906230243e+01 2.999651331984571101e+01 2.999998642346361777e+01 2.999999999243852855e+01
3.024050556091463093e+01 2.999648757283377520e+01 2.999998611835141915e+01 2.999999999215753377e+01
3.024301432066239670e+01 2.999646196802329357e+01 2.999998580775691792e+01 2.999999999186725930e+01
3.024552568025392318e+01 2.999643651157000690e+01 2.999998549161139394e+01 2.999999999156743868e+01
3.024803961189709867e+01 2.999641120966683872e+01 2.999998516984587127e+01 2.999999999125779482e+01
3.025055608805487495e+01 2.999638606854323797e+01 2.999998484239108620e+01 2.999999999093806835e+01
3.025307508144088331e+01 2.999636109446447563e+01 2.999998450917751924e+01 2.999999999060793954e+01
3.025559656501516770e+01 2.999633629373098742e+01 2.999998417013539864e+01 2.999999999026715258e+01
3.025812051197998542e+01 2.999631167267770238e+01 2.999998382519471107e+01 2.999999998991538774e+01
3.026064689577573219e+01 2.999628723767337846e+01 2.999998347428520873e+01 2.999999998955234304e+01
3.026317569007697728e+01 2.999626299511990624e+01 2.999998311733643774e+01 2.999999998917769517e+01
3.026570686878856975e+01 2.999623895145167651e+01 2.999998275427773464e+01 2.999999998879114216e+01
3.026824040604186195e+01 2.999621511313487687e+01 2.999998238503824766e+01 2.999999998839234649e+01
3.027077627619100753e+01 2.999619148666687707e+01 2.999998200954691541e+01 2.999999998798097067e+01
3.027331445380935193e+01 2.999616807857550072e+01 2.999998162773254506e+01 2.999999998755667008e+01
3.027585491368592585e+01 2.999614489541842843e+01 2.999998123952375906e+01 2.999999998711910720e+01
3.027839763082198843e+01 2.999612194378246599e+01 2.999998084484905547e+01 2.999999998666790901e+01
3.028094258042768416e+01 2.999609923028297587e+01 2.999998044363677963e+01 2.999999998620270958e+01
3.028348973791874954e+01 2.999607676156313474e+01 2.999998003581519512e+01 2.999999998572314652e+01
3.028603907891335822e+01 2.999605454429334017e+01 2.999997962131242346e+01 2.999999998522881839e+01
3.028859057922893427e+01 2.999603258517052495e+01 2.999997920005651153e+01 2.999999998471934504e+01
3.029114421487914655e+01 2.999601089091753536e+01 2.999997877197543517e+01 2.999999998419432856e+01
3.029369996207092441e+01 2.999598946828248458e+01 2.999997833699709204e+01 2.999999998365334619e+01
3.029625779720151968e+01 2.999596832403807056e+01 2.999997789504935142e+01 2.999999998309599647e+01
3.029881769685569992e+01 2.999594746498099695e+01 2.999997744606003636e+01 2.999999998252184241e+01
3.030137963780293830e+01 2.999592689793129452e+01 2.999997698995696283e+01 2.999999998193045059e+01
3.030394359699470641e+01 2.999590662973171007e+01 2.999997652666792547e+01 2.999999998132137335e+01
3.030650955156186654e+01 2.999588666724705632e+01 2.999997605612074736e+01 2.999999998069415597e+01
3.030907747881199654e+01 2.999586701736361860e+01 2.999997557824327288e+01 2.999999998004833301e+01
3.031164735622692774e+01 2.999584768698849047e+01 2.999997509296338194e+01 2.999999997938343199e+01
3.031421916146023676e+01 2.999582868304898042e+01 2.999997460020902551e+01 2.999999997869896973e+01
3.031679287233484743e+01 2.999581001249201861e+01 2.999997409990822916e+01 2.999999997799444174e+01
3.031936846684062914e+01 2.999579168228347825e+01 2.999997359198909308e+01 2.999999997726935774e+01
3.032194592313213022e+01 2.999577369940766047e+01 2.999997307637983823e+01 2.999999997652318839e+01
3.032452521952626157e+01 2.999575607086657669e+01 2.999997255300880994e+01 2.999999997575541855e+01
3.032710633450015081e+01 2.999573880367946188e+01 2.999997202180449207e+01 2.999999997496550463e+01
3.032968924668893607e+01 2.999572190488209600e+01 2.999997148269553193e+01 2.999999997415290309e+01
3.033227393488363077e+01 2.999570538152627108e+01 2.999997093561074024e+01 2.999999997331705615e+01
3.033486037802909152e+01 2.999568924067913400e+01 2.999997038047911957e+01 2.999999997245739181e+01
3.033744855522201433e+01 2.999567348942267486e+01 2.999996981722990341e+01 2.999999997157333453e+01
3.034003844570891317e+01 2.999565813485310883e+01 2.999996924579254554e+01 2.999999997066427326e+01
3.034263002888422278e+01 2.999564318408031838e+01 2.999996866609672708e+01 2.999999996972962890e+01
3.034522328428835536e+01 2.999562864422725994e+01 2.999996807807241339e+01 2.999999996876875485e+01
3.034781819160589222e+01 2.999561452242941328e+01 2.999996748164984339e+01 2.999999996778105427e+01
3.035041473066372575e+01 2.999560082583420950e+01 2.999996687675956153e+01 2.999999996676586989e+01
3.035301288142933274e+01 2.999558756160049811e+01 2.999996626333243555e+01 2.999999996572254091e+01
3.035561262400898030e+01 2.999557473689796794e+01 2.999996564129965648e+01 2.999999996465041363e+01
3.035821393864606677e+01 2.999556235890659295e+01 2.999996501059279908e+01 2.999999996354881304e+01
3.036081680571944474e+01 2.999555043481611349e+01 2.999996437114378622e+01 2.999999996241703926e+01
3.036342120574177983e+01 2.999553897182547502e+01 2.999996372288496360e+01 2.999999996125438884e+01
3.036602711935795895e+01 2.999552797714229868e+01 2.999996306574907479e+01 2.999999996006014058e+01
3.036863452734351654e+01 2.999551745798238045e+01 2.999996239966930389e+01 2.999999995883357329e+01
3.037124341060312460e+01 2.999550742156910843e+01 2.999996172457928623e+01 2.999999995757393023e+01
3.037385375016907219e+01 2.999549787513298682e+01 2.999996104041316158e+01 2.999999995628045113e+01
3.037646552719979809e+01 2.999548882591109233e+01 2.999996034710551029e+01 2.999999995495237926e+01
3.037907872297846623e+01 2.999548028114658749e+01 2.999995964459148468e+01 2.999999995358891525e+01
3.038169331891152325e+01 2.999547224808819479e+01 2.999995893280674153e+01 2.999999995218925974e+01
3.038430929652735202e+01 2.999546473398968871e+01 2.999995821168749544e+01 2.999999995075259562e+01
3.038692663747488609e+01 2.999545774610943383e+01 2.999995748117055427e+01 2.999999994927809510e+01
3.038954532352228810e+01 2.999545129170983770e+01 2.999995674119332278e+01 2.999999994776490908e+01
3.039216533655566721e+01 2.999544537805692457e+01 2.999995599169379901e+01 2.999999994621217425e+01
3.039478665857778950e+01 2.999544001241978819e+01 2.999995523261065244e+01 2.999999994461901665e+01
3.039740927170681317e+01 2.999543520207017977e+01 2.999995446388319920e+01 2.999999994298454808e+01
3.040003315817508778e+01 2.999543095428195372e+01 2.999995368545145169e+01 2.999999994130786618e+01
3.040265830032792138e+01 2.999542727633068040e+01 2.999995289725610093e+01 2.999999993958803302e+01
3.040528468062242595e+01 2.999542417549313811e+01 2.999995209923860529e+01 2.999999993782411067e+01
3.040791228162635207e+01 2.999542165904684765e+01 2.999995129134112304e+01 2.999999993601516124e+01
3.041054108601696626e+01 2.999541973426964248e+01 2.999995047350661892e+01 2.999999993416019706e+01
3.041317107657989283e+01 2.999541840843921037e+01 2.999994964567883216e+01 2.999999993225823047e+01
3.041580223620807999e+01 2.999541768883262804e+01 2.999994880780232620e+01 2.999999993030825962e+01
3.041843454790068790e+01 2.999541758272595615e+01 2.999994795982249229e+01 2.999999992830926843e+01
3.042106799476205481e+01 2.999541809739377385e+01 2.999994710168557432e+01 2.999999992626019818e+01
3.042370256000065964e+01 2.999541924010876315e+01 2.999994623333871147e+01 2.999999992416000438e+01
3.042633822692810597e+01 2.999542101814127548e+01 2.999994535472994173e+01 2.999999992200761767e+01
3.042897497895813430e+01 2.999542343875891248e+01 2.999994446580821617e+01 2.999999991980193315e+01
3.043161279960562382e+01 2.999542650922611742e+01 2.999994356652344507e+01 2.999999991754184947e+01
3.043425167248568286e+01 2.999543023680374176e+01 2.999994265682650507e+01 2.999999991522623688e+01
3.043689158131265060e+01 2.999543462874867927e+01 2.999994173666926400e+01 2.999999991285394074e+01
3.043953250989921244e+01 2.999543969231340057e+01 2.999994080600461643e+01 2.999999991042380643e+01
3.044217444215546209e+01 2.999544543474559788e+01 2.999993986478648367e+01 2.999999990793464022e+01
3.044481736208803824e+01 2.999545186328780844e+01 2.999993891296985993e+01 2.999999990538524131e+01
3.044746125379923640e+01 2.999545898517698461e+01 2.999993795051079459e+01 2.999999990277439821e+01
3.045010610148613139e+01 2.999546680764411732e+01 2.999993697736649167e+01 2.999999990010084971e+01
3.045275188943977085e+01 2.999547533791387721e+01 2.999993599349523876e+01 2.999999989736335237e+01
3.045539860204429417e+01 2.999548458320421673e+01 2.999993499885652071e+01 2.999999989456061300e+01
3.045804622377615800e+01 2.999549455072602555e+01 2.999993399341096278e+01 2.999999989169133841e+01
3.046069473920331205e+01 2.999550524768275039e+01 2.999993297712040885e+01 2.999999988875420698e+01
3.046334413298442456e+01 2.999551668127000070e+01 2.999993194994792134e+01 2.999999988574787224e+01
3.046599438986808650e+01 2.999552885867526797e+01 2.999993091185780969e+01 2.999999988267097706e+01
3.046864549469204775e+01 2.999554178707748875e+01 2.999992986281566232e+01 2.999999987952213587e+01
3.047129743238250654e+01 2.999555547364676400e+01 2.999992880278835017e+01 2.999999987629995601e+01
3.047395018795331723e+01 2.999556992554398249e+01 2.999992773174405514e+01 2.999999987300299509e+01
3.047660374650531168e+01 2.999558514992049041e+01 2.999992664965231981e+01 2.999999986962982490e+01
3.047925809322554613e+01 2.999560115391772186e+01 2.999992555648402259e+01 2.999999986617897108e+01
3.048191321338662618e+01 2.999561794466694664e+01 2.999992445221146653e+01 2.999999986264894503e+01
3.048456909234600687e+01 2.999563552928885457e+01 2.999992333680832957e+01 2.999999985903823685e+01
3.048722571554531058e+01 2.999565391489332100e+01 2.999992221024973560e+01 2.999999985534532243e+01
3.048988306850965913e+01 2.999567310857899471e+01 2.999992107251228290e+01 2.999999985156864213e+01
3.049254113684702361e+01 2.999569311743306699e+01 2.999991992357402282e+01 2.999999984770661499e+01
3.049519990624756005e+01 2.999571394853091988e+01 2.999991876341452013e+01 2.999999984375764583e+01
3.049785936248298057e+01 2.999573560893583135e+01 2.999991759201487795e+01 2.999999983972011464e+01
3.050051949140592811e+01 2.999575810569867329e+01 2.999991640935775195e+01 2.999999983559237293e+01
3.050318027894936534e+01 2.999578144585760597e+01 2.999991521542735384e+01 2.999999983137275450e+01
3.050584171112592813e+01 2.999580563643781161e+01 2.999991401020951542e+01 2.999999982705958246e+01
3.050850377402737479e+01 2.999583068445117107e+01 2.999991279369166364e+01 2.999999982265111953e+01
3.051116645382396797e+01 2.999585659689601158e+01 2.999991156586290231e+01 2.999999981814564265e+01
3.051382973676388133e+01 2.999588338075680483e+01 2.999991032671397306e+01 2.999999981354138612e+01
3.051649360917267018e+01 2.999591104300389688e+01 2.999990907623733349e+01 2.999999980883656647e+01
3.051915805745265686e+01 2.999593959059323467e+01 2.999990781442715360e+01 2.999999980402936473e+01
3.052182306808240142e+01 2.999596903046610308e+01 2.999990654127931933e+01 2.999999979911796899e+01
3.052448862761613668e+01 2.999599936954884427e+01 2.999990525679150011e+01 2.999999979410050699e+01
3.052715472268325314e+01 2.999603061475263033e+01 2.999990396096314527e+01 2.999999978897509223e+01
3.052982133998773762e+01 2.999606277297316481e+01 2.999990265379551602e+01 2.999999978373983112e+01
3.053248846630765811e+01 2.999609585109045184e+01 2.999990133529169967e+01 2.999999977839277676e+01
3.053515608849467355e+01 2.999612985596855808e+01 2.999990000545663094e+01 2.999999977293198938e+01
3.053782419347344401e+01 2.999616479445534267e+01 2.999989866429713103e+01 2.999999976735546880e+01
3.054049276824122927e+01 2.999620067338221574e+01 2.999989731182193253e+01 2.999999976166122551e+01
3.054316179986730617e+01 2.999623749956392516e+01 2.999989594804166515e+01 2.999999975584720957e+01
3.054583127549254584e+01 2.999627527979830433e+01 2.999989457296891970e+01 2.999999974991136398e+01
3.054850118233142098e+01 2.999631402086433596e+01 2.999989318661825521e+01 2.999999974385162815e+01
3.055117150766667322e+01 2.999635372952517542e+01 2.999989178900620956e+01 2.999999973766586692e+01
3.055384223885090478e+01 2.999639441252657690e+01 2.999989038015135634e+01 2.999999973135194864e+01
3.055651336330870294e+01 2.999643607659491096e+01 2.999988896007429062e+01 2.999999972490772038e+01
3.055918486853267879e+01 2.999647872843928198e+01 2.999988752879765386e+01 2.999999971833097945e+01
3.056185674208291303e+01 2.999652237475143579e+01 2.999988608634620491e+01 2.999999971161952672e+01
3.056452897158776949e+01 2.999656702220465121e+01 2.999988463274676675e+01 2.999999970477110978e+01
3.056720154474349727e+01 2.999661267745358373e+01 2.999988316802832244e+01 2.999999969778346198e+01
3.056987444931378306e+01 2.999665934713397419e+01 2.999988169222199375e+01 2.999999969065429539e+01
3.057254767312929289e+01 2.999670703786254577e+01 2.999988020536105893e+01 2.999999968338127587e+01
3.057522120408731325e+01 2.999675575623674106e+01 2.999987870748102026e+01 2.999999967596206218e+01
3.057789503015124311e+01 2.999680550883454444e+01 2.999987719861955426e+01 2.999999966839427401e+01
3.058056913935025989e+01 2.999685630221431865e+01 2.999987567881661477e+01 2.999999966067550261e+01
3.058324351977884703e+01 2.999690814291458096e+01 2.999987414811439379e+01 2.999999965280333214e+01
3.058591815959645288e+01 2.999696103745385400e+01 2.999987260655735710e+01 2.999999964477528280e+01
3.058859304702703241e+01 2.999701499233046320e+01 2.999987105419229039e+01 2.999999963658888902e+01
3.059126817035868129e+01 2.999707001402236628e+01 2.999986949106829215e+01 2.999999962824162836e+01
3.059394351794324152e+01 2.999712610898697562e+01 2.999986791723680213e+01 2.999999961973096063e+01
3.059661907819591420e+01 2.999718328366099129e+01 2.999986633275164394e+01 2.999999961105430657e+01
3.059929483959488650e+01 2.999724154446025182e+01 2.999986473766900374e+01 2.999999960220907624e+01
3.060197079068093018e+01 2.999730089777952813e+01 2.999986313204748711e+01 2.999999959319264775e+01
3.060464692005706411e+01 2.999736134999239567e+01 2.999986151594814388e+01 2.999999958400235656e+01
3.060732321638814923e+01 2.999742290745107098e+01 2.999985988943443971e+01 2.999999957463552391e+01
3.060999966840055819e+01 2.999748557648625180e+01 2.999985825257234140e+01 2.999999956508944621e+01
3.061267626488179161e+01 2.999754936340695366e+01 2.999985660543029553e+01 2.999999955536138074e+01
3.061535299468012994e+01 2.999761427450037488e+01 2.999985494807925690e+01 2.999999954544856351e+01
3.061802984670427819e+01 2.999768031603175444e+01 2.999985328059272405e+01 2.999999953534818786e+01
3.062070680992303195e+01 2.999774749424419795e+01 2.999985160304672149e+01 2.999999952505743650e+01
3.062338387336489731e+01 2.999781581535858521e+01 2.999984991551988145e+01 2.999999951457346015e+01
3.062606102611778169e+01 2.999788528557337486e+01 2.999984821809339763e+01 2.999999950389337755e+01
3.062873825732866351e+01 2.999795591106452619e+01 2.999984651085109277e+01 2.999999949301426838e+01
3.063141555620320844e+01 2.999802769798531088e+01 2.999984479387941505e+01 2.999999948193321231e+01
3.063409291200550300e+01 2.999810065246622770e+01 2.999984306726745942e+01 2.999999947064722505e+01
3.063677031405766016e+01 2.999817478061484621e+01 2.999984133110700668e+01 2.999999945915331523e+01
3.063944775173956714e+01 2.999825008851570374e+01 2.999983958549250218e+01 2.999999944744846658e+01
3.064212521448850168e+01 2.999832658223017035e+01 2.999983783052112329e+01 2.999999943552962023e+01
3.064480269179884786e+01 2.999840426779632097e+01 2.999983606629276167e+01 2.999999942339368530e+01
3.064748017322178342e+01 2.999848315122882170e+01 2.999983429291005521e+01 2.999999941103755674e+01
3.065015764836494228e+01 2.999856323851884810e+01 2.999983251047842003e+01 2.999999939845810104e+01
3.065283510689213031e+01 2.999864453563392530e+01 2.999983071910603627e+01 2.999999938565213498e+01
3.065551253852302693e+01 2.999872704851783212e+01 2.999982891890389780e+01 2.999999937261648242e+01
3.065818993303285467e+01 2.999881078309052995e+01 2.999982710998581936e+01 2.999999935934789619e+01
3.066086728025207364e+01 2.999889574524801006e+01 2.999982529246844720e+01 2.999999934584314332e+01
3.066354457006614354e+01 2.999898194086220471e+01 2.999982346647128750e+01 2.999999933209891978e+01
3.066622179241517188e+01 2.999906937578091615e+01 2.999982163211672059e+01 2.999999931811192155e+01
3.066889893729363337e+01 2.999915805582766026e+01 2.999981978953001160e+01 2.999999930387880553e+01
3.067157599475009633e+01 2.999924798680163462e+01 2.999981793883934600e+01 2.999999928939620730e+01
3.067417965407486236e+01 2.999933916664651790e+01 2.999981608013126433e+01 2.999999927466357263e+01
3.067664341070650025e+01 2.999943160897716510e+01 2.999981421357963640e+01 2.999999925967467718e+01
3.067897660742947963e+01 2.999952531952816770e+01 2.999981233932135538e+01 2.999999924442607124e+01
3.068118779918999905e+01 2.999962030401040991e+01 2.999981045749630582e+01 2.999999922891426607e+01
3.068328483152684427e+01 2.999971656807604248e+01 2.999980856824757325e+01 2.999999921313574802e+01
3.068527490154960802e+01 2.999981411737783432e+01 2.999980667172107829e+01 2.999999919708699636e+01
3.068716462099375519e+01 2.999991295754606568e+01 2.999980476806575425e+01 2.999999918076441574e+01
3.068896007062508602e+01 3.000001309418611228e+01 2.999980285743359687e+01 2.999999916416444279e+01
3.069066684890545815e+01 3.000011453287828544e+01 2.999980093997964659e+01 2.999999914728342532e+01
3.069229011578491395e+01 3.000021727917778236e+01 2.999979901586201692e+01 2.999999913011772534e+01
3.069383463214800400e+01 3.000032133861460792e+01 2.999979708524194066e+01 2.999999911266365515e+01
3.069530479537926482e+01 3.000042671669345040e+01 2.999979514828371308e+01 2.999999909491751993e+01
3.069670467145845549e+01 3.000053341889362812e+01 2.999979320515479131e+01 2.999999907687557155e+01
3.069803802394982384e+01 3.000064145066897581e+01 2.999979125602574115e+01 2.999999905853405124e+01
3.069930834025705479e+01 3.000075081744776639e+01 2.999978930107030806e+01 2.999999903988918248e+01
3.070051885529699476e+01 3.000086152463261868e+01 2.999978734046539230e+01 2.999999902093712834e+01
3.070167257292774821e+01 3.000097357760027350e+01 2.999978537439107384e+01 2.999999900167406253e+01
3.070277228540096459e+01 3.000108698170151200e+01 2.999978340303062652e+01 2.999999898209610549e+01
3.070382059100113992e+01 3.000120174226089631e+01 2.999978142657055358e+01 2.999999896219935636e+01
3.070481991005339140e+01 3.000131786457665939e+01 2.999977944520056994e+01 2.999999894197990713e+01
3.070577249946165566e+01 3.000143535392037464e+01 2.999977745911362703e+01 2.999999892143380364e+01
3.070668046592244238e+01 3.000155421553676405e+01 2.999977546850594123e+01 2.999999890055706331e+01
3.070754577794398088e+01 3.000167445464337135e+01 2.999977347357698321e+01 2.999999887934568932e+01
3.070837027678718201e+01 3.000179607643019963e+01 2.999977147452950632e+01 2.999999885779565645e+01
3.070915568643296467e+01 3.000191908605933122e+01 2.999976947156956086e+01 2.999999883590291105e+01
3.070990362266954321e+01 3.000204348866448711e+01 2.999976746490650470e+01 2.999999881366338528e+01
3.071061560138391400e+01 3.000216928935047278e+01 2.999976545475300682e+01 2.999999879107296508e+01
3.071129304613321764e+01 3.000229649319269498e+01 2.999976344132507933e+01 2.999999876812753641e+01
3.071193729506399706e+01 3.000242510523649386e+01 2.999976142484206321e+01 2.999999874482292839e+01
3.071254960724052552e+01 3.000255513049643952e+01 2.999975940552666387e+01 2.999999872115498434e+01
3.071313116843732161e+01 3.000268657395558947e+01 2.999975738360496180e+01 2.999999869711950495e+01
3.071368309644557115e+01 3.000281944056467154e+01 2.999975535930640191e+01 2.999999867271225895e+01
3.071420644593805349e+01 3.000295373524115305e+01 2.999975333286384327e+01 2.999999864792900439e+01
3.071470221293305514e+01 3.000308946286823897e+01 2.999975130451352356e+01 2.999999862276546736e+01
3.071517133102589270e+01 3.000322663042171101e+01 2.999974927450096018e+01 2.999999859721668827e+01
3.071561470134286864e+01 3.000336524046209874e+01 2.999974724306462903e+01 2.999999857127904335e+01
3.071603316710375253e+01 3.000350529775851882e+01 2.999974521045101028e+01 2.999999854494819829e+01
3.071642752740921622e+01 3.000364680704115727e+01 2.999974317691004799e+01 2.999999851821979746e+01
3.071679854017843780e+01 3.000378977299987326e+01 2.999974114269513592e+01 2.999999849108946748e+01
3.071714692485789655e+01 3.000393420028271052e+01 2.999973910806314237e+01 2.999999846355280297e+01
3.071747336492130742e+01 3.000408009349438387e+01 2.999973707327438888e+01 2.999999843560538793e+01
3.071777851017867533e+01 3.000422745719459527e+01 2.999973503859272128e+01 2.999999840724277433e+01
3.071806297891080817e+01 3.000437629589639954e+01 2.999973300428544931e+01 2.999999837846051420e+01
3.071832735984408913e+01 3.000452661406431076e+01 2.999973097062340699e+01 2.999999834925412046e+01
3.071857221397896254e+01 3.000467841611254372e+01 2.999972893788094197e+01 2.999999831961909180e+01
3.071879807628439352e+01 3.000483170640299946e+01 2.999972690633592265e+01 2.999999828955091630e+01
3.071900545726931497e+01 3.000498648924329714e+01 2.999972487626975592e+01 2.999999825904504647e+01
3.071919484444128656e+01 3.000514276888469212e+01 2.999972284796739430e+01 2.999999822809693484e+01
3.071936670366143929e+01 3.000530054951994430e+01 2.999972082171733945e+01 2.999999819670201262e+01
3.071952148040423225e+01 3.000545983528113325e+01 2.999971879781166351e+01 2.999999816485567194e+01
3.071965960092936854e+01 3.000562063023736670e+01 2.999971677654599489e+01 2.999999813255332271e+01
3.071978147334355924e+01 3.000578293839224031e+01 2.999971475821951827e+01 2.999999809979033571e+01
3.071988748862712271e+01 3.000594676368152847e+01 2.999971274313498526e+01 2.999999806656208179e+01
3.071997802160836954e+01 3.000611210997100997e+01 2.999971073159874990e+01 2.999999803286388556e+01
3.072005343184829584e+01 3.000627898105409841e+01 2.999970872392074739e+01 2.999999799869109651e+01
3.072011406446697634e+01 3.000644738064931616e+01 2.999970672041452957e+01 2.999999796403901797e+01
3.072016025091606295e+01 3.000661731239785013e+01 2.999970472139724009e+01 2.999999792890296391e+01
3.072019230970147419e+01 3.000678877986100090e+01 2.999970272718966768e+01 2.999999789327821276e+01
3.072021054705997400e+01 3.000696178651767099e+01 2.999970073811621774e+01 2.999999785716004297e+01
3.072021525759303273e+01 3.000713633576179973e+01 2.999969875450490875e+01 2.999999782054372233e+01
3.072020672486111437e+01 3.000731243089979827e+01 2.999969677668744339e+01 2.999999778342449375e+01
3.072018522194130696e+01 3.000749007514799160e+01 2.999969480499911612e+01 2.999999774579760370e+01
3.072015101195079012e+01 3.000766927163004638e+01 2.999969283977890910e+01 2.999999770765827733e+01
3.072010434853874727e+01 3.000785002337439522e+01 2.999969088136945672e+01 2.999999766900173626e+01
3.072004547634885085e+01 3.000803233331170716e+01 2.999968893011703486e+01 2.999999762982318430e+01
3.071997463145432050e+01 3.000821620427231196e+01 2.999968698637162134e+01 2.999999759011781819e+01
3.071989204176761135e+01 3.000840163898371671e+01 2.999968505048683909e+01 2.999999754988083822e+01
3.071979792742635240e+01 3.000858864006806925e+01 2.999968312282000937e+01 2.999999750910741980e+01
3.071969250115708761e+01 3.000877721003970677e+01 2.999968120373211633e+01 2.999999746779274190e+01
3.071957596861854611e+01 3.000896735130270443e+01 2.999967929358784957e+01 2.999999742593197283e+01
3.071944852872554321e+01 3.000915906614846662e+01 2.999967739275559353e+01 2.999999738352027379e+01
3.071931037395489028e+01 3.000935235675336799e+01 2.999967550160743102e+01 2.999999734055279177e+01
3.071916169063464608e+01 3.000954722517642281e+01 2.999967362051913256e+01 2.999999729702469509e+01
3.071900265921738082e+01 3.000974367335701842e+01 2.999967174987017415e+01 2.999999725293112718e+01
3.071883345453902692e+01 3.000994170311266984e+01 2.999966989004377282e+01 2.999999720826721727e+01
3.071865424606367156e+01 3.001014131613686686e+01 2.999966804142681553e+01 2.999999716302812303e+01
3.071846519811562359e+01 3.001034251399694242e+01 2.999966620440993736e+01 2.999999711720897722e+01
3.071826647009925537e+01 3.001054529813204041e+01 2.999966437938748598e+01 2.999999707080491618e+01
3.071805821670750447e+01 3.001074966985109782e+01 2.999966256675752518e+01 2.999999702381107980e+01
3.071784058811972429e+01 3.001095563033092262e+01 2.999966076692185268e+01 2.999999697622259731e+01
3.071761373018943431e+01 3.001116318061436772e+01 2.999965898028598943e+01 2.999999692803461571e+01
3.071737778462270541e+01 3.001137232160849777e+01 2.999965720725919027e+01 2.999999687924226421e+01
3.071713288914763851e+01 3.001158305408290161e+01 2.999965544825445463e+01 2.999999682984068272e+01
3.071687917767544462e+01 3.001179537866804026e+01 2.999965370368849094e+01 2.999999677982501467e+01
3.071661678045374089e+01 3.001200929585369792e+01 2.999965197398177352e+01 2.999999672919041060e+01
3.071634582421235748e+01 3.001222480598749698e+01 2.999965025955850706e+01 2.999999667793202818e+01
3.071606643230213862e+01 3.001244190927344491e+01 2.999964856084662657e+01 2.999999662604501083e+01
3.071577872482725624e+01 3.001266060577068373e+01 2.999964687827782228e+01 2.999999657352452331e+01
3.071548281877109332e+01 3.001288089539217907e+01 2.999964521228752545e+01 2.999999652036574460e+01
3.071517882811642508e+01 3.001310277790360814e+01 2.999964356331490833e+01 2.999999646656383234e+01
3.071486686395994070e+01 3.001332625292224776e+01 2.999964193180288774e+01 2.999999641211397972e+01
3.071454703462149638e+01 3.001355131991600800e+01 2.999964031819813570e+01 2.999999635701139056e+01
3.071421944574841945e+01 3.001377797820247650e+01 2.999963872295105816e+01 2.999999630125125805e+01
3.071388420041507317e+01 3.001400622694816889e+01 2.999963714651581270e+01 2.999999624482879668e+01
3.071354139921797000e+01 3.001423606516772580e+01 2.999963558935030150e+01 2.999999618773924226e+01
3.071319114036663933e+01 3.001446749172327344e+01 2.999963405191618193e+01 2.999999612997782350e+01
3.071283351977049136e+01 3.001470050532387290e+01 2.999963253467884172e+01 2.999999607153980463e+01
3.071246863112184400e+01 3.001493510452501212e+01 2.999963103810742027e+01 2.999999601242043923e+01
3.071209656597538284e+01 3.001517128772822574e+01 2.999962956267480507e+01 2.999999595261501995e+01
3.071171741382413956e+01 3.001540905318075048e+01 2.999962810885760334e+01 2.999999589211883944e+01
3.071133126217223364e+01 3.001564839897534043e+01 2.999962667713620590e+01 2.999999583092721522e+01
3.071093819660454116e+01 3.001588932305005386e+01 2.999962526799470908e+01 2.999999576903548615e+01
3.071053830085335790e+01 3.001613182318820705e+01 2.999962388192094664e+01 2.999999570643900526e+01
3.071013165686228064e+01 3.001637589701843822e+01 2.999962251940650404e+01 2.999999564313313982e+01
3.070971834484746310e+01 3.001662154201468624e+01 2.999962118094669350e+01 2.999999557911328907e+01
3.070929844335628545e+01 3.001686875549648192e+01 2.999961986704055406e+01 2.999999551437486645e+01
3.070887202932359017e+01 3.001711753462909726e+01 2.999961857819085509e+01 2.999999544891331382e+01
3.070843917812568691e+01 3.001736787642391846e+01 2.999961731490408212e+01 2.999999538272408728e+01
3.070799996363208706e+01 3.001761977773884027e+01 2.999961607769046168e+01 2.999999531580268908e+01
3.070755445825513519e+01 3.001787323527872076e+01 2.999961486706391867e+01 2.999999524814462148e+01
3.070710273299776816e+01 3.001812824559592841e+01 2.999961368354209768e+01 2.999999517974542229e+01
3.070664485749916750e+01 3.001838480509096030e+01 2.999961252764635589e+01 2.999999511060067547e+01
3.070618090007876688e+01 3.001864291001313134e+01 2.999961139990175951e+01 2.999999504070597212e+01
3.070571092777842637e+01 3.001890255646129191e+01 2.999961030083704827e+01 2.999999497005692817e+01
3.070523500640297598e+01 3.001916374038468049e+01 2.999960923098469934e+01 2.999999489864923063e+01
3.070475320055917834e+01 3.001942645758378703e+01 2.999960819088085273e+01 2.999999482647854165e+01
3.070426557369311027e+01 3.001969070371126946e+01 2.999960718106534685e+01 2.999999475354060863e+01
3.070377218812623710e+01 3.001995647427301250e+01 2.999960620208167938e+01 2.999999467983118251e+01
3.070327310508992014e+01 3.002022376462911879e+01 2.999960525447704285e+01 2.999999460534604978e+01
3.070276838475872339e+01 3.002049256999507421e+01 2.999960433880228905e+01 2.999999453008106087e+01
3.070225808628242348e+01 3.002076288544292382e+01 2.999960345561192199e+01 2.999999445403207332e+01
3.070174226781676197e+01 3.002103470590244783e+01 2.999960260546412272e+01 2.999999437719500506e+01
3.070122098655306786e+01 3.002130802616246896e+01 2.999960178892067830e+01 2.999999429956578822e+01
3.070069429874678235e+01 3.002158284087220252e+01 2.999960100654705997e+01 2.999999422114042957e+01
3.070016225974485380e+01 3.002185914454258153e+01 2.999960025891233428e+01 2.999999414191495006e+01
3.069962492401218057e+01 3.002213693154770269e+01 2.999959954658920580e+01 2.999999406188543816e+01
3.069908234515699519e+01 3.002241619612629364e+01 2.999959887015399218e+01 2.999999398104800363e+01
3.069853457595539936e+01 3.002269693238320158e+01 2.999959823018662419e+01 2.999999389939882732e+01
3.069798166837490427e+01 3.002297913429094933e+01 2.999959762727059243e+01 2.999999381693411138e+01
3.069742367359716084e+01 3.002326279569131984e+01 2.999959706199302900e+01 2.999999373365012190e+01
3.069686064203984799e+01 3.002354791029696557e+01 2.999959653494460099e+01 2.999999364954316761e+01
3.069629262337777931e+01 3.002383447169308539e+01 2.999959604671954949e+01 2.999999356460961764e+01
3.069571966656317130e+01 3.002412247333909434e+01 2.999959559791568608e+01 2.999999347884589085e+01
3.069514181984528989e+01 3.002441190857033604e+01 2.999959518913434664e+01 2.999999339224844874e+01
3.069455913078930465e+01 3.002470277059985548e+01 2.999959482098043040e+01 2.999999330481381321e+01
3.069397164629451780e+01 3.002499505252017542e+01 2.999959449406231471e+01 2.999999321653857010e+01
3.069337941261187908e+01 3.002528874730505848e+01 2.999959420899191542e+01 2.999999312741935498e+01
3.069278247536096771e+01 3.002558384781138301e+01 2.999959396638465847e+01 2.999999303745286383e+01
3.069218087954629226e+01 3.002588034678096918e+01 2.999959376685943013e+01 2.999999294663584237e+01
3.069157466957306113e+01 3.002617823684246190e+01 2.999959361103858768e+01 2.999999285496511447e+01
3.069096388926236330e+01 3.002647751051319602e+01 2.999959349954795229e+01 2.999999276243755375e+01
3.069034858186585879e+01 3.002677816020113255e+01 2.999959343301679837e+01 2.999999266905011197e+01
3.068972879007993271e+01 3.002708017820677000e+01 2.999959341207781449e+01 2.999999257479979065e+01
3.068910455605931986e+01 3.002738355672508064e+01 2.999959343736712114e+01 2.999999247968367300e+01
3.068847592143035641e+01 3.002768828784747157e+01 2.999959350952422099e+01 2.999999238369887777e+01
3.068784292730366658e+01 3.002799436356374230e+01 2.999959362919201311e+01 2.999999228684263741e+01
3.068720561428647287e+01 3.002830177576406712e+01 2.999959379701675743e+01 2.999999218911221988e+01
3.068656402249447268e+01 3.002861051624096689e+01 2.999959401364806766e+01 2.999999209050498195e+01
3.068591819156329592e+01 3.002892057669131631e+01 2.999959427973888637e+01 2.999999199101836211e+01
3.068526816065960006e+01 3.002923194871832280e+01 2.999959459594548505e+01 2.999999189064984861e+01
3.068461396849176026e+01 3.002954462383354794e+01 2.999959496292742855e+01 2.999999178939702560e+01
3.068395565332021846e+01 3.002985859345890063e+01 2.999959538134756443e+01 2.999999168725753407e+01
3.068329325296746291e+01 3.003017384892866559e+01 2.999959585187200517e+01 2.999999158422913226e+01
3.068262680482770577e+01 3.003049038149147876e+01 2.999959637517010336e+01 2.999999148030962459e+01
3.068195634587620901e+01 3.003080818231237004e+01 2.999959695191444098e+01 2.999999137549689365e+01
3.068128191267831539e+01 3.003112724247479193e+01 2.999959758278079036e+01 2.999999126978893926e+01
3.068060354139815971e+01 3.003144755298254864e+01 2.999959826844813549e+01 2.999999116318381098e+01
3.067992126780715267e+01 3.003176910476190287e+01 2.999959900959860448e+01 2.999999105567966495e+01
3.067923512729207403e+01 3.003209188866349777e+01 2.999959980691746608e+01 2.999999094727474613e+01
3.067854515486303058e+01 3.003241589546439627e+01 2.999960066109311541e+01 2.999999083796737409e+01
3.067785138516108034e+01 3.003274111587007411e+01 2.999960157281704909e+01 2.999999072775597853e+01
3.067715385246558668e+01 3.003306754051635963e+01 2.999960254278382976e+01 2.999999061663905664e+01
3.067645259070143027e+01 3.003339515997146947e+01 2.999960357169108605e+01 2.999999050461521577e+01
3.067574763344589073e+01 3.003372396473793771e+01 2.999960466023946992e+01 2.999999039168316628e+01
3.067503901393535415e+01 3.003405394525459116e+01 2.999960580913263541e+01 2.999999027784169670e+01
3.067432676507182521e+01 3.003438509189849626e+01 2.999960701907721017e+01 2.999999016308969857e+01
3.067361091942917994e+01 3.003471739498689175e+01 2.999960829078279900e+01 2.999999004742617714e+01
3.067289150925928354e+01 3.003505084477910003e+01 2.999960962496191996e+01 2.999998993085023002e+01
3.067216856649785583e+01 3.003538543147848827e+01 2.999961102233000432e+01 2.999998981336103654e+01
3.067144212277019832e+01 3.003572114523433001e+01 2.999961248360533972e+01 2.999998969495792522e+01
3.067071220939672926e+01 3.003605797614371298e+01 2.999961400950909507e+01 2.999998957564030277e+01
3.066997885739833407e+01 3.003639591425338295e+01 2.999961560076524947e+01 2.999998945540767181e+01
3.066924209750160202e+01 3.003673494956166223e+01 2.999961725810057445e+01 2.999998933425967351e+01
3.066850196014379293e+01 3.003707507202021887e+01 2.999961898224461265e+01 2.999998921219603432e+01
3.066775847547781098e+01 3.003741627153596738e+01 2.999962077392964588e+01 2.999998908921661922e+01
3.066701167337689071e+01 3.003775853797282736e+01 2.999962263389065598e+01 2.999998896532138204e+01
3.066626158343921205e+01 3.003810186115355663e+01 2.999962456286533197e+01 2.999998884051041159e+01
3.066550823499235179e+01 3.003844623086151344e+01 2.999962656159398122e+01 2.999998871478390328e+01
3.066475165709763218e+01 3.003879163684238307e+01 2.999962863081954723e+01 2.999998858814217684e+01
3.066399187855431308e+01 3.003913806880601456e+01 2.999963077128754563e+01 2.999998846058566215e+01
