43272.4601388889,+10.1,+8.4,+8.6,+10.0
43272.4608333333,+10.1,+8.4,+8.6,+10.0
43272.4615277778,+10.2,+8.4,+8.6,+10.0
43272.4622222222,+10.5,+8.4,+8.6,+10.0
43272.4629166667,+10.9,+8.4,+8.6,+10.0
43272.4636111111,+11.1,+8.4,+8.6,+10.0
43272.4643055556,+11.3,+8.4,+8.6,+10.0
43272.465,+11.7,+8.4,+8.6,+10.0
43272.4656944444,+12.0,+8.4,+8.6,+10.0
43272.4663888889,+12.5,+8.4,+8.6,+10.0
43272.4670833333,+13.0,+8.4,+8.6,+10.0
43272.4677777778,+13.6,+8.4,+8.5,+10.0
43272.4684722222,+14.8,+8.4,+8.6,+10.0
43272.4691666667,+15.7,+8.4,+8.5,+10.0
43272.4698611111,+16.1,+8.4,+8.6,+10.0
43272.4705555556,+16.3,+8.4,+8.6,+10.0
43272.47125,+16.5,+8.4,+8.6,+10.0
43272.4719444444,+16.7,+8.4,+8.6,+10.0
43272.4726388889,+17.2,+8.4,+8.6,+10.0
43272.4733333333,+17.5,+8.4,+8.6,+10.0
43272.4740277778,+17.8,+8.4,+8.6,+10.0
43272.4747222222,+18.0,+8.4,+8.6,+10.0
43272.4754166667,+18.1,+8.4,+8.6,+10.0
43272.4761111111,+18.0,+8.4,+8.6,+10.0
43272.4768055556,+17.9,+8.4,+8.6,+10.0
43272.4775,+17.8,+8.4,+8.6,+10.0
43272.4781944444,+17.7,+8.4,+8.6,+10.0
43272.4788888889,+17.6,+8.4,+8.6,+10.0
43272.4795833333,+17.5,+8.4,+8.6,+10.0
43272.4802777778,+17.5,+8.4,+8.6,+10.0
43272.4809722222,+17.4,+8.4,+8.6,+10.0
43272.4816666667,+17.4,+8.4,+8.6,+10.0
43272.4823611111,+17.3,+8.4,+8.6,+10.0
43272.4830555556,+17.3,+8.4,+8.6,+10.0
43272.48375,+17.3,+8.4,+8.6,+10.0
43272.4844444444,+17.3,+8.4,+8.6,+10.0
43272.4851388889,+17.3,+8.4,+8.6,+10.0
43272.4858333333,+17.2,+8.4,+8.6,+10.0
43272.4865277778,+17.2,+8.4,+8.6,+10.0
43272.4872222222,+17.2,+8.4,+8.6,+10.0
43272.4879166667,+17.2,+8.4,+8.6,+10.0
43272.4886111111,+17.2,+8.4,+8.6,+10.0
43272.4893055556,+17.2,+8.4,+8.6,+10.0
43272.49,+17.2,+8.4,+8.6,+10.0
43272.4906944444,+17.2,+8.4,+8.6,+10.0
43272.4913888889,+17.2,+8.4,+8.6,+10.0
43272.4920833333,+17.1,+8.4,+8.6,+10.0
43272.4927777778,+17.1,+8.4,+8.6,+10.0
43272.4934722222,+17.1,+8.4,+8.6,+10.0
43272.4941666667,+17.1,+8.4,+8.6,+10.0
43272.4948611111,+17.1,+8.4,+8.6,+10.0
43272.4955555556,+17.1,+8.4,+8.6,+10.0
43272.49625,+17.1,+8.4,+8.6,+10.0
43272.4969444444,+17.1,+8.4,+8.6,+10.0
43272.4976388889,+17.1,+8.4,+8.6,+10.0
43272.4983333333,+17.1,+8.4,+8.6,+10.0
43272.4990277778,+17.1,+8.4,+8.6,+10.0
43272.4997222222,+17.1,+8.4,+8.6,+10.0
43272.5004166667,+17.1,+8.4,+8.6,+10.0
43272.5011111111,+17.1,+8.4,+8.6,+10.0
43272.5018055556,+17.1,+8.4,+8.6,+10.0
43272.5025,+17.1,+8.4,+8.6,+10.0
43272.5031944444,+17.6,+8.4,+8.6,+10.0
43272.5038888889,+17.8,+8.4,+8.6,+10.0
43272.5045833333,+17.9,+8.4,+8.6,+10.0
43272.5052777778,+18.1,+8.4,+8.6,+10.0
43272.5059722222,+18.2,+8.4,+8.6,+10.0
43272.5066666667,+18.7,+8.4,+8.6,+10.0
43272.5073611111,+18.9,+8.4,+8.6,+10.0
43272.5080555556,+19.0,+8.4,+8.6,+10.0
43272.50875,+19.1,+8.4,+8.6,+10.0
43272.5094444444,+19.2,+8.4,+8.6,+10.0
43272.5101388889,+19.3,+8.4,+8.6,+10.0
43272.5108333333,+19.3,+8.4,+8.6,+10.0
43272.5115277778,+19.5,+8.4,+8.6,+10.0
43272.5122222222,+19.5,+8.4,+8.6,+10.0
43272.5129166667,+19.5,+8.4,+8.6,+10.0
43272.5136111111,+19.8,+8.4,+8.6,+10.0
43272.5143055556,+20.0,+8.5,+8.6,+10.0
43272.515,+20.2,+8.4,+8.6,+10.0
43272.5156944444,+20.4,+8.4,+8.6,+10.0
43272.5163888889,+20.6,+8.5,+8.6,+10.0
43272.5170833333,+20.6,+8.5,+8.6,+10.0
43272.5177777778,+20.7,+8.5,+8.6,+10.0
43272.5184722222,+20.6,+8.5,+8.6,+10.0
43272.5191666667,+20.7,+8.4,+8.6,+10.0
43272.5198611111,+20.9,+8.4,+8.6,+10.0
43272.5205555556,+21.4,+8.5,+8.6,+10.0
43272.52125,+21.6,+8.4,+8.6,+10.0
43272.5219444444,+21.4,+8.5,+8.6,+10.0
43272.5226388889,+21.2,+8.5,+8.6,+10.0
43272.5233333333,+21.1,+8.5,+8.6,+10.0
43272.5240277778,+21.0,+8.5,+8.6,+10.0
43272.5247222222,+20.9,+8.5,+8.6,+10.0
43272.5254166667,+20.8,+8.5,+8.6,+10.0
43272.5261111111,+20.8,+8.5,+8.6,+10.0
43272.5268055556,+20.8,+8.5,+8.6,+10.0
43272.5275,+20.7,+8.5,+8.6,+10.0
43272.5281944444,+20.7,+8.5,+8.6,+10.0
43272.5288888889,+20.6,+8.5,+8.6,+10.0
43272.5295833333,+20.6,+8.5,+8.6,+10.0
43272.5302777778,+20.6,+8.5,+8.6,+10.0
43272.5309722222,+20.6,+8.5,+8.6,+10.0
43272.5316666667,+20.5,+8.5,+8.6,+10.0
43272.5323611111,+20.5,+8.5,+8.6,+10.0
43272.5330555556,+20.5,+8.5,+8.6,+10.0
43272.53375,+20.5,+8.5,+8.6,+10.0
43272.5344444444,+20.4,+8.5,+8.6,+10.0
43272.5351388889,+20.4,+8.5,+8.6,+10.0
43272.5358333333,+20.4,+8.5,+8.6,+10.0
43272.5365277778,+20.4,+8.5,+8.6,+10.0
43272.5372222222,+20.4,+8.5,+8.6,+10.0
43272.5379166667,+20.4,+8.4,+8.6,+10.0
43272.5386111111,+20.4,+8.5,+8.6,+10.0
43272.5393055556,+20.4,+8.5,+8.6,+10.0
43272.54,+20.4,+8.5,+8.6,+10.0
43272.5406944444,+20.4,+8.5,+8.6,+10.0
43272.5413888889,+20.3,+8.5,+8.6,+10.0
43272.5420833333,+20.4,+8.5,+8.6,+10.0
43272.5427777778,+20.3,+8.5,+8.6,+10.0
43272.5434722222,+20.3,+8.5,+8.6,+10.0
43272.5441666667,+20.3,+8.5,+8.6,+10.0
43272.5448611111,+20.3,+8.5,+8.6,+10.0
43272.5455555556,+20.3,+8.5,+8.6,+10.0
43272.54625,+20.3,+8.5,+8.6,+10.0
43272.5469444444,+20.3,+8.5,+8.6,+10.0
43272.5476388889,+20.3,+8.5,+8.6,+10.0
43272.5483333333,+20.3,+8.5,+8.6,+10.0
43272.5490277778,+20.3,+8.5,+8.6,+10.0
43272.5497222222,+20.3,+8.5,+8.6,+10.0
43272.5504166667,+20.3,+8.5,+8.6,+10.0
43272.5511111111,+20.3,+8.5,+8.6,+10.0
43272.5518055556,+20.3,+8.5,+8.6,+10.0
43272.5525,+20.3,+8.5,+8.6,+10.0
43272.5531944444,+20.2,+8.4,+8.6,+10.0
43272.5538888889,+20.3,+8.5,+8.6,+10.0
43272.5545833333,+20.3,+8.5,+8.6,+10.0
43272.5552777778,+20.3,+8.5,+8.6,+10.0
43272.5559722222,+20.3,+8.5,+8.6,+10.0
43272.5566666667,+20.3,+8.5,+8.6,+10.0
43272.5573611111,+20.3,+8.5,+8.6,+10.0
43272.5580555556,+20.2,+8.4,+8.6,+10.0
43272.55875,+20.3,+8.5,+8.6,+10.0
43272.5594444444,+20.3,+8.5,+8.6,+10.0
43272.5601388889,+20.3,+8.5,+8.6,+10.0
43272.5608333333,+20.2,+8.5,+8.6,+10.0
43272.5615277778,+20.2,+8.5,+8.6,+10.0
43272.5622222222,+20.2,+8.5,+8.6,+10.0
43272.5629166667,+20.2,+8.5,+8.6,+10.0
43272.5636111111,+20.2,+8.5,+8.6,+10.0
43272.5643055556,+20.3,+8.5,+8.6,+10.0
43272.565,+20.3,+8.5,+8.6,+10.0
43272.5656944444,+20.2,+8.5,+8.6,+10.0
43272.5663888889,+20.3,+8.5,+8.6,+10.0
43272.5670833333,+20.2,+8.5,+8.6,+10.0
43272.5677777778,+20.2,+8.5,+8.6,+10.0
43272.5684722222,+20.2,+8.5,+8.6,+10.0
43272.5691666667,+20.2,+8.5,+8.6,+10.0
43272.5698611111,+20.2,+8.5,+8.6,+10.0
43272.5705555556,+20.2,+8.5,+8.6,+10.0
43272.57125,+20.2,+8.5,+8.6,+10.0
43272.5719444444,+20.2,+8.5,+8.6,+10.0
43272.5726388889,+20.3,+8.5,+8.6,+10.0
43272.5733333333,+21.0,+8.5,+8.6,+10.0
43272.5740277778,+21.7,+8.5,+8.6,+10.0
43272.5747222222,+21.8,+8.5,+8.6,+10.0
43272.5754166667,+22.2,+8.5,+8.6,+10.0
43272.5761111111,+22.4,+8.5,+8.6,+10.0
43272.5768055556,+22.7,+8.5,+8.6,+10.0
43272.5775,+22.8,+8.5,+8.6,+10.0
43272.5781944444,+23.2,+8.5,+8.6,+10.0
43272.5788888889,+23.2,+8.5,+8.6,+10.0
43272.5795833333,+23.4,+8.5,+8.6,+10.0
43272.5802777778,+23.4,+8.5,+8.6,+10.0
43272.5809722222,+23.5,+8.5,+8.6,+10.0
43272.5816666667,+23.7,+8.5,+8.6,+10.0
43272.5823611111,+23.8,+8.5,+8.6,+10.0
43272.5830555556,+23.9,+8.5,+8.6,+10.0
43272.58375,+24.0,+8.5,+8.6,+10.0
43272.5844444444,+24.1,+8.5,+8.6,+10.0
43272.5851388889,+24.2,+8.5,+8.6,+10.0
43272.5858333333,+24.3,+8.5,+8.6,+10.0
43272.5865277778,+24.3,+8.5,+8.6,+10.0
43272.5872222222,+24.4,+8.5,+8.6,+10.0
43272.5879166667,+24.4,+8.5,+8.6,+10.0
43272.5886111111,+24.4,+8.5,+8.6,+10.0
43272.5893055556,+24.5,+8.5,+8.6,+10.0
43272.59,+24.5,+8.5,+8.6,+10.0
43272.5906944444,+25.0,+8.5,+8.6,+10.0
43272.5913888889,+25.0,+8.5,+8.6,+10.0
43272.5920833333,+25.0,+8.5,+8.6,+10.0
43272.5927777778,+24.8,+8.5,+8.6,+10.0
43272.5934722222,+24.7,+8.5,+8.6,+10.0
43272.5941666667,+24.5,+8.5,+8.6,+10.0
43272.5948611111,+24.4,+8.5,+8.6,+10.0
43272.5955555556,+24.3,+8.5,+8.6,+10.0
43272.59625,+24.2,+8.5,+8.6,+10.0
43272.5969444444,+24.1,+8.5,+8.6,+10.0
43272.5976388889,+24.1,+8.5,+8.6,+10.0
43272.5983333333,+24.0,+8.5,+8.6,+10.0
43272.5990277778,+24.0,+8.5,+8.6,+10.0
43272.5997222222,+23.9,+8.5,+8.6,+10.0
43272.6004166667,+23.9,+8.6,+8.6,+10.0
43272.6011111111,+23.8,+8.5,+8.6,+10.0
43272.6018055556,+23.8,+8.5,+8.6,+10.0
43272.6025,+23.8,+8.6,+8.6,+10.0
43272.6031944444,+23.7,+8.6,+8.6,+10.0
43272.6038888889,+23.7,+8.6,+8.6,+10.0
43272.6045833333,+23.7,+8.5,+8.6,+10.0
43272.6052777778,+23.7,+8.5,+8.6,+10.0
43272.6059722222,+23.7,+8.6,+8.6,+10.0
43272.6066666667,+23.6,+8.6,+8.6,+10.0
43272.6073611111,+23.6,+8.6,+8.6,+10.0
43272.6080555556,+23.6,+8.6,+8.6,+10.0
43272.60875,+23.6,+8.6,+8.6,+10.0
43272.6094444444,+23.6,+8.6,+8.6,+10.0
43272.6101388889,+23.6,+8.6,+8.6,+10.0
43272.6108333333,+23.6,+8.6,+8.6,+10.0
43272.6115277778,+23.5,+8.6,+8.6,+10.0
43272.6122222222,+23.5,+8.6,+8.6,+10.0
43272.6129166667,+23.5,+8.6,+8.6,+10.0
43272.6136111111,+23.5,+8.6,+8.6,+10.0
43272.6143055556,+23.5,+8.6,+8.6,+10.0
43272.615,+23.5,+8.6,+8.6,+10.0
43272.6156944444,+23.5,+8.6,+8.6,+10.0
43272.6163888889,+23.5,+8.6,+8.6,+10.0
43272.6170833333,+23.5,+8.6,+8.6,+10.0
43272.6177777778,+23.5,+8.6,+8.6,+10.0
43272.6184722222,+23.5,+8.6,+8.6,+10.0
43272.6191666667,+23.5,+8.6,+8.6,+10.0
43272.6198611111,+23.5,+8.6,+8.6,+10.0
43272.6205555556,+23.4,+8.6,+8.6,+10.0
43272.62125,+23.4,+8.6,+8.6,+10.0
43272.6219444444,+23.4,+8.6,+8.6,+10.0
43272.6226388889,+23.4,+8.6,+8.6,+10.0
43272.6233333333,+23.4,+8.6,+8.6,+10.0
43272.6240277778,+23.4,+8.6,+8.6,+10.0
43272.6247222222,+23.4,+8.6,+8.6,+10.0
43272.6254166667,+23.4,+8.6,+8.6,+10.0
43272.6261111111,+23.4,+8.6,+8.6,+10.0
43272.6268055556,+23.4,+8.6,+8.6,+10.0
43272.6275,+23.4,+8.6,+8.6,+10.0
43272.6281944444,+23.4,+8.6,+8.6,+10.0
43272.6288888889,+23.4,+8.6,+8.6,+10.0
43272.6295833333,+23.4,+8.6,+8.6,+10.0
43272.6302777778,+23.4,+8.6,+8.6,+10.0
43272.6309722222,+23.4,+8.6,+8.6,+10.0
43272.6316666667,+23.4,+8.6,+8.6,+10.0
43272.6323611111,+23.4,+8.6,+8.6,+10.0
43272.6330555556,+23.4,+8.6,+8.6,+10.0
43272.63375,+23.5,+8.6,+8.6,+10.0
43272.6344444444,+24.2,+8.6,+8.6,+10.0
43272.6351388889,+25.0,+8.6,+8.6,+10.0
43272.6358333333,+25.0,+8.6,+8.6,+10.0
43272.6365277778,+25.2,+8.6,+8.6,+10.0
43272.6372222222,+25.4,+8.6,+8.6,+10.0
43272.6379166667,+25.6,+8.6,+8.6,+10.0
43272.6386111111,+25.6,+8.6,+8.6,+10.0
43272.6393055556,+25.6,+8.6,+8.6,+10.0
43272.64,+25.8,+8.6,+8.6,+10.0
43272.6406944444,+25.8,+8.6,+8.6,+10.0
43272.6413888889,+25.8,+8.6,+8.6,+10.0
43272.6420833333,+25.9,+8.6,+8.6,+10.0
43272.6427777778,+25.9,+8.6,+8.6,+10.0
43272.6434722222,+25.9,+8.6,+8.7,+10.0
43272.6441666667,+25.9,+8.6,+8.6,+10.0
43272.6448611111,+26.0,+8.6,+8.6,+10.0
43272.6455555556,+26.0,+8.6,+8.6,+10.0
43272.64625,+26.2,+8.6,+8.7,+10.0
43272.6469444444,+26.6,+8.6,+8.6,+10.0
43272.6476388889,+26.7,+8.6,+8.6,+10.0
43272.6483333333,+26.9,+8.6,+8.6,+10.0
43272.6490277778,+27.1,+8.6,+8.6,+10.0
43272.6497222222,+27.2,+8.6,+8.7,+10.0
43272.6504166667,+27.3,+8.6,+8.7,+10.0
43272.6511111111,+27.3,+8.6,+8.6,+10.0
43272.6518055556,+27.3,+8.6,+8.7,+10.0
43272.6525,+27.3,+8.6,+8.7,+10.0
43272.6531944444,+27.2,+8.6,+8.7,+10.0
43272.6538888889,+27.1,+8.6,+8.7,+10.0
43272.6545833333,+27.0,+8.6,+8.7,+10.0
43272.6552777778,+26.9,+8.6,+8.7,+10.0
43272.6559722222,+26.7,+8.6,+8.7,+10.0
43272.6566666667,+26.6,+8.5,+8.7,+10.0
43272.6573611111,+26.6,+8.6,+8.7,+10.0
43272.6580555556,+26.5,+8.6,+8.7,+10.0
43272.65875,+26.4,+8.6,+8.7,+10.0
43272.6594444444,+26.4,+8.6,+8.7,+10.0
43272.6601388889,+26.4,+8.6,+8.7,+10.0
43272.6608333333,+26.3,+8.6,+8.7,+10.0
43272.6615277778,+26.3,+8.6,+8.7,+10.0
43272.6622222222,+26.2,+8.6,+8.7,+10.0
43272.6629166667,+26.2,+8.6,+8.7,+10.0
43272.6636111111,+26.2,+8.7,+8.7,+10.0
43272.6643055556,+26.2,+8.7,+8.7,+10.0
43272.665,+26.1,+8.7,+8.7,+10.0
43272.6656944444,+26.1,+8.7,+8.7,+10.0
43272.6663888889,+26.1,+8.7,+8.7,+10.0
43272.6670833333,+26.1,+8.7,+8.7,+10.0
43272.6677777778,+26.1,+8.7,+8.7,+10.0
43272.6684722222,+26.0,+8.7,+8.7,+10.0
43272.6691666667,+26.0,+8.7,+8.7,+10.0
43272.6698611111,+26.0,+8.7,+8.7,+10.0
43272.6705555556,+26.0,+8.7,+8.7,+10.0
43272.67125,+26.0,+8.7,+8.7,+10.0
43272.6719444444,+26.0,+8.7,+8.7,+10.0
43272.6726388889,+25.9,+8.7,+8.7,+10.0
43272.6733333333,+25.9,+8.7,+8.7,+10.0
43272.6740277778,+25.9,+8.7,+8.7,+10.0
43272.6747222222,+25.9,+8.7,+8.7,+10.0
43272.6754166667,+25.9,+8.7,+8.7,+10.0
43272.6761111111,+25.9,+8.7,+8.7,+10.0
43272.6768055556,+25.9,+8.7,+8.7,+10.0
43272.6775,+25.9,+8.6,+8.7,+10.0
43272.6781944444,+25.9,+8.7,+8.7,+10.0
43272.6788888889,+25.8,+8.7,+8.7,+10.0
43272.6795833333,+25.8,+8.7,+8.7,+10.0
43272.6802777778,+25.8,+8.7,+8.7,+10.0
43272.6809722222,+25.8,+8.7,+8.7,+10.0
43272.6816666667,+25.8,+8.7,+8.7,+10.0
43272.6823611111,+25.7,+8.6,+8.7,+10.0
43272.6830555556,+25.8,+8.7,+8.7,+10.0
43272.68375,+25.8,+8.7,+8.7,+10.0
43272.6844444444,+25.8,+8.7,+8.7,+10.0
43272.6851388889,+25.8,+8.7,+8.7,+10.0
43272.6858333333,+25.8,+8.7,+8.7,+10.0
43272.6865277778,+25.8,+8.7,+8.7,+10.0
43272.6872222222,+25.8,+8.7,+8.7,+10.0
43272.6879166667,+25.8,+8.7,+8.7,+10.0
43272.6886111111,+25.8,+8.7,+8.7,+10.0
43272.6893055556,+25.8,+8.7,+8.7,+10.0
43272.69,+25.7,+8.7,+8.7,+10.0
43272.6906944444,+25.7,+8.7,+8.7,+10.0
43272.6913888889,+25.7,+8.7,+8.7,+10.0
43272.6920833333,+25.7,+8.7,+8.7,+10.0
43272.6927777778,+25.7,+8.7,+8.7,+10.0
43272.6934722222,+25.7,+8.7,+8.7,+10.0
43272.6941666667,+25.9,+8.7,+8.7,+10.0
43272.6948611111,+26.6,+8.7,+8.7,+10.0
43272.6955555556,+27.8,+8.7,+8.7,+10.0
43272.69625,+27.5,+8.7,+8.7,+10.0
43272.6969444444,+28.0,+8.7,+8.7,+10.0
43272.6976388889,+28.4,+8.7,+8.7,+10.0
43272.6983333333,+28.4,+8.7,+8.7,+10.0
43272.6990277778,+28.6,+8.7,+8.7,+10.0
43272.6997222222,+28.6,+8.7,+8.7,+10.0
43272.7004166667,+28.7,+8.7,+8.7,+10.0
43272.7011111111,+28.8,+8.8,+8.7,+10.0
43272.7018055556,+29.1,+8.7,+8.7,+10.0
43272.7025,+29.1,+8.7,+8.7,+10.0
43272.7031944444,+29.1,+8.8,+8.7,+10.0
43272.7038888889,+29.3,+8.8,+8.7,+10.0
43272.7045833333,+29.3,+8.8,+8.7,+10.0
43272.7052777778,+29.3,+8.7,+8.7,+10.0
43272.7059722222,+29.4,+8.8,+8.7,+10.0
43272.7066666667,+29.3,+8.8,+8.7,+10.0
43272.7073611111,+29.5,+8.8,+8.7,+10.0
43272.7080555556,+29.7,+8.8,+8.7,+10.0
43272.70875,+29.8,+8.8,+8.7,+10.0
43272.7094444444,+29.9,+8.8,+8.7,+10.0
43272.7101388889,+30.0,+8.8,+8.7,+10.0
43272.7108333333,+30.2,+8.8,+8.7,+10.0
43272.7115277778,+30.0,+8.8,+8.7,+10.0
43272.7122222222,+29.8,+8.8,+8.7,+10.0
43272.7129166667,+29.7,+8.8,+8.7,+10.0
43272.7136111111,+29.5,+8.8,+8.7,+10.0
43272.7143055556,+29.4,+8.8,+8.7,+10.0
43272.715,+29.2,+8.8,+8.8,+10.0
43272.7156944444,+29.1,+8.8,+8.7,+10.0
43272.7163888889,+29.1,+8.8,+8.7,+10.0
43272.7170833333,+29.0,+8.8,+8.7,+10.0
43272.7177777778,+29.0,+8.8,+8.8,+10.0
43272.7184722222,+28.9,+8.8,+8.8,+10.0
43272.7191666667,+28.9,+8.9,+8.8,+10.0
43272.7198611111,+28.8,+8.9,+8.8,+10.0
43272.7205555556,+28.8,+8.9,+8.8,+10.0
43272.72125,+28.7,+8.9,+8.8,+10.0
43272.7219444444,+28.7,+8.9,+8.8,+10.0
43272.7226388889,+28.6,+8.9,+8.8,+10.0
43272.7233333333,+28.6,+8.9,+8.8,+10.0
43272.7240277778,+28.6,+8.9,+8.8,+10.0
43272.7247222222,+28.5,+8.9,+8.8,+10.1
43272.7254166667,+28.5,+8.9,+8.8,+10.0
43272.7261111111,+28.5,+9.0,+8.8,+10.0
43272.7268055556,+28.4,+9.0,+8.8,+10.0
43272.7275,+28.4,+9.0,+8.8,+10.0
43272.7281944444,+28.4,+9.0,+8.8,+10.1
43272.7288888889,+28.4,+9.0,+8.8,+10.0
43272.7295833333,+28.3,+9.0,+8.8,+10.1
43272.7302777778,+28.3,+9.0,+8.8,+10.1
43272.7309722222,+28.3,+9.0,+8.8,+10.1
43272.7316666667,+28.2,+9.0,+8.8,+10.1
43272.7323611111,+28.2,+9.1,+8.8,+10.1
43272.7330555556,+28.2,+9.1,+8.8,+10.1
43272.73375,+28.2,+9.1,+8.8,+10.1
43272.7344444444,+28.2,+9.1,+8.8,+10.1
43272.7351388889,+28.1,+9.0,+8.8,+10.1
43272.7358333333,+28.1,+9.1,+8.8,+10.1
43272.7365277778,+28.1,+9.1,+8.8,+10.1
43272.7372222222,+28.1,+9.1,+8.8,+10.1
43272.7379166667,+28.1,+9.1,+8.8,+10.1
43272.7386111111,+28.1,+9.2,+8.8,+10.1
43272.7393055556,+28.1,+9.2,+8.8,+10.1
43272.74,+28.0,+9.2,+8.8,+10.1
43272.7406944444,+28.0,+9.2,+8.8,+10.1
43272.7413888889,+28.0,+9.2,+8.8,+10.1
43272.7420833333,+28.0,+9.2,+8.8,+10.1
43272.7427777778,+28.0,+9.2,+8.8,+10.1
43272.7434722222,+28.0,+9.2,+8.8,+10.1
43272.7441666667,+28.0,+9.3,+8.8,+10.1
43272.7448611111,+27.9,+9.3,+8.8,+10.1
43272.7455555556,+27.9,+9.3,+8.8,+10.1
43272.74625,+27.9,+9.3,+8.8,+10.1
43272.7469444444,+27.9,+9.3,+8.8,+10.1
43272.7476388889,+27.9,+9.3,+8.8,+10.1
43272.7483333333,+27.9,+9.3,+8.8,+10.1
43272.7490277778,+27.9,+9.3,+8.8,+10.1
43272.7497222222,+27.8,+9.3,+8.8,+10.1
43272.7504166667,+27.8,+9.4,+8.8,+10.1
43272.7511111111,+27.8,+9.4,+8.8,+10.1
43272.7518055556,+27.8,+9.4,+8.8,+10.1
43272.7525,+27.8,+9.4,+8.8,+10.1
43272.7531944444,+27.8,+9.4,+8.8,+10.1
43272.7538888889,+27.8,+9.4,+8.8,+10.1
43272.7545833333,+27.8,+9.4,+8.8,+10.1
43272.7552777778,+27.8,+9.4,+8.8,+10.1
43272.7559722222,+27.7,+9.5,+8.8,+10.1
43272.7566666667,+27.7,+9.5,+8.8,+10.1
43272.7573611111,+27.7,+9.5,+8.8,+10.1
43272.7580555556,+27.7,+9.5,+8.8,+10.1
43272.75875,+27.7,+9.5,+8.8,+10.1
43272.7594444444,+27.7,+9.5,+8.8,+10.1
43272.7601388889,+27.7,+9.5,+8.8,+10.1
43272.7608333333,+27.7,+9.5,+8.8,+10.1
43272.7615277778,+27.7,+9.5,+8.8,+10.1
43272.7622222222,+27.6,+9.6,+8.8,+10.1
43272.7629166667,+27.6,+9.6,+8.8,+10.1
43272.7636111111,+27.6,+9.6,+8.8,+10.1
43272.7643055556,+27.6,+9.6,+8.8,+10.1
43272.765,+27.6,+9.6,+8.8,+10.1
43272.7656944444,+27.6,+9.6,+8.8,+10.1
43272.7663888889,+27.6,+9.6,+8.8,+10.1
43272.7670833333,+27.6,+9.6,+8.8,+10.1
43272.7677777778,+27.6,+9.6,+9.0,+10.1
43272.7684722222,+27.6,+9.6,+8.8,+10.1
43272.7691666667,+27.6,+9.7,+8.8,+10.1
43272.7698611111,+27.5,+9.7,+8.8,+10.1
43272.7705555556,+27.5,+9.7,+9.0,+10.1
43272.77125,+27.5,+9.7,+8.8,+10.1
43272.7719444444,+27.5,+9.7,+9.0,+10.1
43272.7726388889,+27.5,+9.7,+8.8,+10.1
43272.7733333333,+27.5,+9.7,+9.0,+10.1
43272.7740277778,+27.5,+9.7,+9.0,+10.1
43272.7747222222,+27.5,+9.7,+9.0,+10.1
43272.7754166667,+27.5,+9.7,+9.0,+10.1
43272.7761111111,+27.5,+9.8,+9.0,+10.1
43272.7768055556,+27.5,+9.8,+9.0,+10.1
43272.7775,+27.5,+9.8,+9.0,+10.1
43272.7781944444,+27.4,+9.7,+9.0,+10.1
43272.7788888889,+27.4,+9.8,+9.0,+10.1
43272.7795833333,+27.4,+9.8,+9.0,+10.1
43272.7802777778,+27.4,+9.8,+9.0,+10.1
43272.7809722222,+27.4,+9.8,+9.0,+10.1
43272.7816666667,+27.4,+9.8,+9.0,+10.1
43272.7823611111,+27.4,+9.8,+9.0,+10.1
43272.7830555556,+27.4,+9.8,+9.0,+10.1
43272.78375,+27.4,+9.9,+9.0,+10.1
43272.7844444444,+27.4,+9.9,+9.0,+10.1
43272.7851388889,+27.4,+9.9,+9.0,+10.1
43272.7858333333,+27.4,+9.9,+9.0,+10.1
43272.7865277778,+27.4,+9.9,+9.0,+10.1
43272.7872222222,+27.4,+9.9,+9.0,+10.1
43272.7879166667,+27.3,+9.9,+9.0,+10.1
43272.7886111111,+27.4,+9.9,+9.0,+10.1
43272.7893055556,+27.3,+9.9,+9.0,+10.1
43272.79,+27.3,+9.9,+9.0,+10.2
43272.7906944444,+27.3,+9.9,+9.0,+10.2
43272.7913888889,+27.3,+10.0,+9.0,+10.1
43272.7920833333,+27.3,+10.0,+9.0,+10.2
43272.7927777778,+27.3,+10.0,+9.0,+10.2
43272.7934722222,+27.3,+10.0,+9.0,+10.2
43272.7941666667,+27.3,+10.0,+9.0,+10.1
43272.7948611111,+27.3,+10.0,+9.0,+10.2
43272.7955555556,+27.3,+10.0,+9.0,+10.1
43272.79625,+27.3,+10.0,+9.0,+10.1
43272.7969444444,+27.3,+10.0,+9.0,+10.1
43272.7976388889,+27.3,+10.0,+9.0,+10.2
43272.7983333333,+27.3,+10.0,+9.0,+10.2
43272.7990277778,+27.3,+10.0,+9.0,+10.2
43272.7997222222,+27.3,+10.0,+9.0,+10.2
43272.8004166667,+27.2,+10.0,+9.0,+10.2
43272.8011111111,+27.2,+10.1,+9.0,+10.2
43272.8018055556,+27.2,+10.1,+9.0,+10.2
43272.8025,+27.2,+10.1,+9.0,+10.2
43272.8031944444,+27.2,+10.1,+9.0,+10.2
43272.8038888889,+27.2,+10.1,+9.0,+10.2
43272.8045833333,+27.2,+10.1,+9.0,+10.2
43272.8052777778,+27.2,+10.1,+9.0,+10.2
43272.8059722222,+27.2,+10.1,+9.0,+10.2
43272.8066666667,+27.2,+10.1,+9.0,+10.2
43272.8073611111,+27.2,+10.1,+9.0,+10.2
43272.8080555556,+27.2,+10.1,+9.0,+10.2
43272.80875,+27.2,+10.1,+9.0,+10.2
43272.8094444444,+27.2,+10.2,+9.0,+10.2
43272.8101388889,+27.2,+10.2,+9.0,+10.2
43272.8108333333,+27.2,+10.1,+9.0,+10.2
43272.8115277778,+27.2,+10.2,+9.0,+10.2
43272.8122222222,+27.2,+10.2,+9.0,+10.2
43272.8129166667,+27.1,+10.2,+9.0,+10.2
43272.8136111111,+27.1,+10.2,+9.0,+10.2
43272.8143055556,+27.1,+10.2,+9.0,+10.2
43272.815,+27.1,+10.2,+9.0,+10.2
43272.8156944444,+27.1,+10.2,+9.0,+10.2
43272.8163888889,+27.1,+10.2,+9.0,+10.2
43272.8170833333,+27.1,+10.2,+9.0,+10.2
43272.8177777778,+27.1,+10.2,+9.0,+10.2
43272.8184722222,+27.1,+10.3,+9.0,+10.2
43272.8191666667,+27.1,+10.3,+9.0,+10.2
43272.8198611111,+27.1,+10.3,+9.0,+10.2
43272.8205555556,+27.1,+10.3,+9.0,+10.2
43272.82125,+27.1,+10.3,+9.0,+10.2
43272.8219444444,+27.1,+10.3,+9.0,+10.2
43272.8226388889,+27.1,+10.3,+9.0,+10.2
43272.8233333333,+27.1,+10.3,+9.0,+10.2
43272.8240277778,+27.1,+10.3,+9.0,+10.2
43272.8247222222,+27.1,+10.3,+9.0,+10.2
43272.8254166667,+27.1,+10.3,+9.0,+10.2
43272.8261111111,+27.1,+10.3,+9.0,+10.2
43272.8268055556,+27.1,+10.3,+9.0,+10.2
43272.8275,+27.1,+10.3,+9.0,+10.2
43272.8281944444,+27.0,+10.3,+9.0,+10.2
43272.8288888889,+27.0,+10.4,+9.0,+10.2
43272.8295833333,+27.0,+10.4,+9.0,+10.2
43272.8302777778,+27.0,+10.4,+9.0,+10.2
43272.8309722222,+27.0,+10.4,+9.0,+10.2
43272.8316666667,+27.0,+10.4,+9.0,+10.2
43272.8323611111,+27.0,+10.4,+9.0,+10.2
43272.8330555556,+27.0,+10.4,+9.0,+10.2
43272.83375,+27.0,+10.4,+9.0,+10.2
43272.8344444444,+27.0,+10.4,+9.0,+10.2
43272.8351388889,+27.0,+10.4,+9.0,+10.2
43272.8358333333,+27.0,+10.4,+9.0,+10.2
43272.8365277778,+27.0,+10.4,+9.0,+10.2
43272.8372222222,+27.0,+10.4,+9.0,+10.2
43272.8379166667,+27.0,+10.4,+9.0,+10.2
43272.8386111111,+27.0,+10.4,+9.0,+10.2
43272.8393055556,+27.0,+10.4,+9.0,+10.2
43272.84,+27.0,+10.5,+9.0,+10.2
43272.8406944444,+27.0,+10.5,+9.0,+10.2
43272.8413888889,+27.0,+10.5,+9.0,+10.2
43272.8420833333,+27.0,+10.5,+9.0,+10.2
43272.8427777778,+27.0,+10.5,+9.0,+10.2
43272.8434722222,+27.0,+10.5,+9.0,+10.2
43272.8441666667,+27.0,+10.5,+9.0,+10.2
43272.8448611111,+27.0,+10.5,+9.0,+10.2
43272.8455555556,+26.9,+10.5,+9.0,+10.2
43272.84625,+26.9,+10.5,+9.0,+10.2
43272.8469444444,+26.9,+10.5,+9.0,+10.2
43272.8476388889,+26.9,+10.5,+9.0,+10.2
43272.8483333333,+26.9,+10.5,+9.0,+10.2
43272.8490277778,+26.9,+10.5,+9.0,+10.2
43272.8497222222,+26.9,+10.5,+9.0,+10.2
43272.8504166667,+26.9,+10.5,+9.0,+10.2
43272.8511111111,+26.9,+10.6,+9.0,+10.2
43272.8518055556,+26.9,+10.6,+9.0,+10.2
43272.8525,+26.9,+10.6,+9.0,+10.3
43272.8531944444,+26.9,+10.6,+9.0,+10.2
43272.8538888889,+26.9,+10.6,+9.0,+10.2
43272.8545833333,+26.9,+10.6,+9.0,+10.2
43272.8552777778,+26.9,+10.6,+9.0,+10.2
43272.8559722222,+26.9,+10.6,+9.0,+10.3
43272.8566666667,+26.9,+10.6,+9.0,+10.2
43272.8573611111,+26.9,+10.6,+9.0,+10.2
43272.8580555556,+26.9,+10.6,+9.0,+10.2
43272.85875,+26.9,+10.6,+9.0,+10.2
43272.8594444444,+26.9,+10.6,+9.0,+10.3
43272.8601388889,+26.9,+10.7,+9.0,+10.2
43272.8608333333,+26.9,+10.7,+9.0,+10.3
43272.8615277778,+26.9,+10.6,+9.0,+10.3
43272.8622222222,+26.9,+10.7,+9.0,+10.3
43272.8629166667,+26.9,+10.7,+9.0,+10.3
43272.8636111111,+26.9,+10.7,+9.0,+10.3
43272.8643055556,+26.9,+10.7,+9.0,+10.3
43272.865,+26.9,+10.7,+9.0,+10.3
43272.8656944444,+26.8,+10.7,+9.0,+10.3
43272.8663888889,+26.8,+10.7,+9.0,+10.3
43272.8670833333,+26.8,+10.7,+9.0,+10.3
43272.8677777778,+26.8,+10.7,+9.0,+10.3
43272.8684722222,+26.8,+10.7,+9.0,+10.3
43272.8691666667,+26.8,+10.7,+9.0,+10.3
43272.8698611111,+26.8,+10.7,+9.0,+10.3
43272.8705555556,+26.8,+10.7,+9.0,+10.3
43272.87125,+26.8,+10.7,+9.0,+10.3
43272.8719444444,+26.8,+10.7,+9.0,+10.3
43272.8726388889,+26.8,+10.8,+9.1,+10.3
43272.8733333333,+26.8,+10.8,+9.0,+10.2
43272.8740277778,+26.8,+10.8,+9.0,+10.3
43272.8747222222,+26.8,+10.8,+9.0,+10.3
43272.8754166667,+26.7,+10.7,+9.0,+10.3
43272.8761111111,+26.8,+10.8,+9.0,+10.3
43272.8768055556,+26.8,+10.8,+9.1,+10.3
43272.8775,+26.7,+10.7,+9.1,+10.3
43272.8781944444,+26.8,+10.8,+9.1,+10.3
43272.8788888889,+26.8,+10.8,+9.1,+10.3
43272.8795833333,+26.8,+10.8,+9.1,+10.3
43272.8802777778,+26.8,+10.8,+9.1,+10.3
43272.8809722222,+26.8,+10.8,+9.1,+10.3
43272.8816666667,+26.8,+10.8,+9.1,+10.3
43272.8823611111,+26.8,+10.8,+9.1,+10.3
43272.8830555556,+26.8,+10.8,+9.1,+10.3
43272.88375,+26.8,+10.8,+9.1,+10.3
43272.8844444444,+26.8,+10.9,+9.1,+10.3
43272.8851388889,+26.8,+10.9,+9.1,+10.3
43272.8858333333,+26.8,+10.9,+9.1,+10.3
43272.8865277778,+26.8,+10.9,+9.1,+10.3
43272.8872222222,+26.8,+10.9,+9.0,+10.3
43272.8879166667,+26.8,+10.9,+9.1,+10.3
43272.8886111111,+26.8,+10.9,+9.1,+10.3
43272.8893055556,+26.7,+10.8,+9.1,+10.3
43272.89,+26.8,+10.9,+9.1,+10.3
43272.8906944444,+26.8,+10.9,+9.1,+10.3
43272.8913888889,+26.7,+10.9,+9.1,+10.3
43272.8920833333,+26.7,+10.9,+9.1,+10.3
43272.8927777778,+26.7,+10.9,+9.1,+10.3
43272.8934722222,+26.7,+10.9,+9.1,+10.3
43272.8941666667,+26.7,+10.9,+9.1,+10.3
43272.8948611111,+26.7,+10.9,+9.1,+10.3
43272.8955555556,+26.7,+10.9,+9.1,+10.3
43272.89625,+26.7,+10.9,+9.1,+10.3
43272.8969444444,+26.7,+10.9,+9.1,+10.3
43272.8976388889,+26.7,+10.9,+9.1,+10.3
43272.8983333333,+26.7,+10.9,+9.1,+10.3
43272.8990277778,+26.7,+10.9,+9.1,+10.3
43272.8997222222,+26.7,+11.0,+9.1,+10.3
43272.9004166667,+26.7,+11.0,+9.1,+10.3
43272.9011111111,+26.7,+11.0,+9.1,+10.3
43272.9018055556,+26.7,+11.0,+9.1,+10.3
43272.9025,+26.6,+10.9,+9.1,+10.3
43272.9031944444,+26.7,+11.0,+9.1,+10.3
43272.9038888889,+26.7,+11.0,+9.1,+10.3
43272.9045833333,+26.7,+11.0,+9.1,+10.3
43272.9052777778,+26.7,+11.0,+9.1,+10.3
43272.9059722222,+26.7,+11.0,+9.1,+10.3
43272.9066666667,+26.7,+11.0,+9.1,+10.3
43272.9073611111,+26.7,+11.0,+9.1,+10.3
43272.9080555556,+26.7,+11.0,+9.1,+10.3
43272.90875,+26.7,+11.0,+9.1,+10.3
43272.9094444444,+26.6,+10.9,+9.1,+10.3
43272.9101388889,+26.7,+11.0,+9.1,+10.3
43272.9108333333,+26.7,+11.0,+9.1,+10.3
43272.9115277778,+26.7,+11.0,+9.1,+10.3
43272.9122222222,+26.7,+11.0,+9.1,+10.3
43272.9129166667,+26.7,+11.1,+9.1,+10.3
43272.9136111111,+26.7,+11.1,+9.1,+10.3
43272.9143055556,+26.7,+11.1,+9.1,+10.3
43272.915,+26.7,+11.1,+9.1,+10.3
43272.9156944444,+26.7,+11.1,+9.1,+10.3
43272.9163888889,+26.7,+11.1,+9.1,+10.3
43272.9170833333,+26.6,+11.0,+9.1,+10.3
43272.9177777778,+26.7,+11.1,+9.1,+10.3
43272.9184722222,+26.7,+11.1,+9.1,+10.5
43272.9191666667,+26.7,+11.1,+9.1,+10.3
43272.9198611111,+26.7,+11.1,+9.1,+10.3
43272.9205555556,+26.7,+11.1,+9.1,+10.5
43272.92125,+26.6,+11.1,+9.1,+10.3
43272.9219444444,+26.6,+11.0,+9.1,+10.3
43272.9226388889,+26.6,+11.1,+9.1,+10.3
43272.9233333333,+26.6,+11.0,+9.1,+10.3
43272.9240277778,+26.6,+11.1,+9.1,+10.3
43272.9247222222,+26.6,+11.1,+9.1,+10.5
43272.9254166667,+26.6,+11.1,+9.1,+10.3
43272.9261111111,+26.6,+11.2,+9.1,+10.5
43272.9268055556,+26.6,+11.1,+9.1,+10.3
43272.9275,+26.6,+11.2,+9.1,+10.5
43272.9281944444,+26.6,+11.2,+9.1,+10.5
43272.9288888889,+26.6,+11.2,+9.1,+10.5
43272.9295833333,+26.6,+11.2,+9.1,+10.3
43272.9302777778,+26.6,+11.2,+9.1,+10.5
43272.9309722222,+26.6,+11.2,+9.1,+10.3
43272.9316666667,+26.6,+11.2,+9.1,+10.5
43272.9323611111,+26.6,+11.2,+9.1,+10.5
43272.9330555556,+26.6,+11.2,+9.2,+10.5
43272.93375,+26.6,+11.2,+9.2,+10.5
43272.9344444444,+26.6,+11.2,+9.1,+10.5
43272.9351388889,+26.6,+11.2,+9.2,+10.5
43272.9358333333,+26.6,+11.2,+9.2,+10.5
43272.9365277778,+26.6,+11.2,+9.2,+10.5
43272.9372222222,+26.6,+11.2,+9.2,+10.5
43272.9379166667,+26.6,+11.2,+9.2,+10.3
43272.9386111111,+26.6,+11.2,+9.2,+10.5
43272.9393055556,+26.6,+11.2,+9.2,+10.5
43272.94,+26.6,+11.2,+9.2,+10.5
43272.9406944444,+26.6,+11.2,+9.2,+10.5
43272.9413888889,+26.6,+11.2,+9.2,+10.5
43272.9420833333,+26.6,+11.3,+9.2,+10.5
43272.9427777778,+26.6,+11.3,+9.2,+10.5
43272.9434722222,+26.6,+11.3,+9.2,+10.5
43272.9441666667,+26.6,+11.3,+9.2,+10.5
43272.9448611111,+26.6,+11.3,+9.2,+10.5
43272.9455555556,+26.6,+11.3,+9.2,+10.5
43272.94625,+26.6,+11.3,+9.2,+10.5
43272.9469444444,+26.5,+11.2,+9.2,+10.5
43272.9476388889,+26.6,+11.3,+9.2,+10.5
43272.9483333333,+26.6,+11.3,+9.2,+10.5
43272.9490277778,+26.6,+11.3,+9.2,+10.5
43272.9497222222,+26.6,+11.3,+9.2,+10.5
43272.9504166667,+26.6,+11.3,+9.2,+10.5
43272.9511111111,+26.6,+11.3,+9.2,+10.5
43272.9518055556,+26.6,+11.3,+9.2,+10.5
43272.9525,+26.6,+11.3,+9.2,+10.5
43272.9531944444,+26.6,+11.3,+9.2,+10.5
43272.9538888889,+26.6,+11.3,+9.2,+10.5
43272.9545833333,+26.6,+11.3,+9.2,+10.5
43272.9552777778,+26.6,+11.3,+9.2,+10.5
43272.9559722222,+26.6,+11.3,+9.2,+10.5
43272.9566666667,+26.6,+11.3,+9.2,+10.5
43272.9573611111,+26.6,+11.4,+9.2,+10.5
43272.9580555556,+26.6,+11.3,+9.2,+10.5
43272.95875,+26.6,+11.3,+9.2,+10.5
43272.9594444444,+26.5,+11.4,+9.2,+10.5
43272.9601388889,+26.5,+11.4,+9.2,+10.5
43272.9608333333,+26.5,+11.3,+9.2,+10.5
43272.9615277778,+26.5,+11.4,+9.2,+10.5
43272.9622222222,+26.5,+11.4,+9.2,+10.5
43272.9629166667,+26.5,+11.4,+9.2,+10.5
43272.9636111111,+26.5,+11.4,+9.2,+10.5
43272.9643055556,+26.5,+11.4,+9.2,+10.5
43272.965,+26.5,+11.4,+9.2,+10.5
43272.9656944444,+26.5,+11.4,+9.2,+10.5
43272.9663888889,+26.5,+11.4,+9.2,+10.5
43272.9670833333,+26.5,+11.4,+9.2,+10.5
43272.9677777778,+26.5,+11.4,+9.2,+10.5
43272.9684722222,+26.5,+11.4,+9.2,+10.5
43272.9691666667,+26.5,+11.4,+9.2,+10.5
43272.9698611111,+26.5,+11.4,+9.2,+10.5
43272.9705555556,+26.5,+11.4,+9.2,+10.5
43272.97125,+26.5,+11.4,+9.2,+10.5
43272.9719444444,+26.5,+11.3,+9.2,+10.5
43272.9726388889,+26.5,+11.4,+9.2,+10.5
43272.9733333333,+26.5,+11.4,+9.2,+10.5
43272.9740277778,+26.5,+11.4,+9.2,+10.5
43272.9747222222,+26.5,+11.5,+9.2,+10.5
43272.9754166667,+26.5,+11.5,+9.2,+10.5
43272.9761111111,+26.5,+11.5,+9.2,+10.5
43272.9768055556,+26.5,+11.5,+9.2,+10.5
43272.9775,+26.5,+11.5,+9.2,+10.5
43272.9781944444,+26.5,+11.5,+9.2,+10.5
43272.9788888889,+26.5,+11.5,+9.2,+10.5
43272.9795833333,+26.5,+11.5,+9.2,+10.5
43272.9802777778,+26.5,+11.5,+9.2,+10.5
43272.9809722222,+26.5,+11.5,+9.2,+10.5
43272.9816666667,+26.5,+11.5,+9.2,+10.5
43272.9823611111,+26.5,+11.5,+9.2,+10.5
43272.9830555556,+26.5,+11.5,+9.2,+10.5
43272.98375,+26.5,+11.5,+9.2,+10.5
43272.9844444444,+26.5,+11.5,+9.2,+10.5
43272.9851388889,+26.5,+11.5,+9.2,+10.5
43272.9858333333,+26.5,+11.5,+9.2,+10.5
43272.9865277778,+26.5,+11.5,+9.2,+10.5
43272.9872222222,+26.5,+11.5,+9.2,+10.5
43272.9879166667,+26.5,+11.5,+9.2,+10.5
43272.9886111111,+26.5,+11.5,+9.2,+10.5
43272.9893055556,+26.5,+11.5,+9.2,+10.5
43272.99,+26.5,+11.5,+9.2,+10.5
43272.9906944444,+26.5,+11.5,+9.2,+10.5
43272.9913888889,+26.5,+11.5,+9.3,+10.5
43272.9920833333,+26.5,+11.5,+9.2,+10.5
43272.9927777778,+26.5,+11.6,+9.2,+10.5
43272.9934722222,+26.5,+11.5,+9.2,+10.5
43272.9941666667,+26.5,+11.6,+9.2,+10.5
43272.9948611111,+26.5,+11.6,+9.2,+10.5
43272.9955555556,+26.5,+11.6,+9.2,+10.5
43272.99625,+26.5,+11.6,+9.2,+10.5
43272.9969444444,+26.5,+11.6,+9.2,+10.5
43272.9976388889,+26.5,+11.6,+9.2,+10.5
43272.9983333333,+26.5,+11.6,+9.3,+10.5
43272.9990277778,+26.5,+11.6,+9.3,+10.5
43272.9997222222,+26.5,+11.6,+9.3,+10.5
43273.0004166667,+26.5,+11.6,+9.3,+10.5
43273.0011111111,+26.5,+11.6,+9.3,+10.5
43273.0018055556,+26.5,+11.6,+9.3,+10.5
43273.0025,+26.4,+11.5,+9.3,+10.5
43273.0031944444,+26.5,+11.6,+9.3,+10.5
43273.0038888889,+26.5,+11.6,+9.3,+10.5
43273.0045833333,+26.5,+11.6,+9.3,+10.5
43273.0052777778,+26.5,+11.6,+9.3,+10.5
43273.0059722222,+26.5,+11.6,+9.3,+10.5
43273.0066666667,+26.5,+11.6,+9.3,+10.5
43273.0073611111,+26.5,+11.6,+9.3,+10.5
43273.0080555556,+26.5,+11.6,+9.3,+10.5
43273.00875,+26.5,+11.6,+9.3,+10.5
43273.0094444444,+26.5,+11.6,+9.3,+10.5
43273.0101388889,+26.5,+11.6,+9.3,+10.5
43273.0108333333,+26.5,+11.6,+9.3,+10.5
43273.0115277778,+26.5,+11.6,+9.3,+10.5
43273.0122222222,+26.5,+11.6,+9.3,+10.5
43273.0129166667,+26.5,+11.7,+9.3,+10.5
43273.0136111111,+26.5,+11.7,+9.3,+10.5
43273.0143055556,+26.5,+11.7,+9.3,+10.5
43273.015,+26.5,+11.7,+9.3,+10.5
43273.0156944444,+26.5,+11.7,+9.3,+10.5
43273.0163888889,+26.5,+11.7,+9.3,+10.5
43273.0170833333,+26.5,+11.7,+9.3,+10.5
43273.0177777778,+26.5,+11.7,+9.3,+10.5
43273.0184722222,+26.4,+11.7,+9.3,+10.5
43273.0191666667,+26.4,+11.7,+9.3,+10.5
43273.0198611111,+26.4,+11.7,+9.3,+10.5
43273.0205555556,+26.4,+11.7,+9.3,+10.5
43273.02125,+26.4,+11.7,+9.3,+10.5
43273.0219444444,+26.4,+11.7,+9.3,+10.5
43273.0226388889,+26.4,+11.7,+9.3,+10.5
43273.0233333333,+26.4,+11.7,+9.3,+10.5
43273.0240277778,+26.4,+11.7,+9.3,+10.5
43273.0247222222,+26.4,+11.7,+9.3,+10.5
43273.0254166667,+26.4,+11.7,+9.3,+10.5
43273.0261111111,+26.4,+11.7,+9.3,+10.5
43273.0268055556,+26.4,+11.7,+9.3,+10.5
43273.0275,+26.4,+11.7,+9.3,+10.5
43273.0281944444,+26.4,+11.7,+9.3,+10.5
43273.0288888889,+26.4,+11.7,+9.3,+10.5
43273.0295833333,+26.4,+11.7,+9.3,+10.5
43273.0302777778,+26.4,+11.7,+9.3,+10.5
43273.0309722222,+26.4,+11.8,+9.3,+10.5
43273.0316666667,+26.4,+11.8,+9.3,+10.5
43273.0323611111,+26.4,+11.8,+9.3,+10.5
43273.0330555556,+26.4,+11.8,+9.3,+10.5
43273.03375,+26.4,+11.8,+9.3,+10.5
43273.0344444444,+26.4,+11.8,+9.3,+10.5
43273.0351388889,+26.4,+11.8,+9.3,+10.5
43273.0358333333,+26.4,+11.8,+9.3,+10.5
43273.0365277778,+26.4,+11.8,+9.3,+10.5
43273.0372222222,+26.4,+11.8,+9.3,+10.5
43273.0379166667,+26.4,+11.8,+9.3,+10.5
43273.0386111111,+26.4,+11.8,+9.3,+10.5
43273.0393055556,+26.4,+11.8,+9.3,+10.5
43273.04,+26.4,+11.8,+9.3,+10.5
43273.0406944444,+26.4,+11.8,+9.3,+10.5
43273.0413888889,+26.4,+11.8,+9.3,+10.5
43273.0420833333,+26.4,+11.8,+9.3,+10.5
43273.0427777778,+26.4,+11.8,+9.3,+10.5
43273.0434722222,+26.4,+11.8,+9.3,+10.5
43273.0441666667,+26.4,+11.8,+9.3,+10.5
43273.0448611111,+26.4,+11.8,+9.3,+10.5
43273.0455555556,+26.4,+11.8,+9.3,+10.5
43273.04625,+26.4,+11.8,+9.3,+10.5
43273.0469444444,+26.4,+11.8,+9.3,+10.5
43273.0476388889,+26.4,+11.8,+9.3,+10.5
43273.0483333333,+26.4,+11.8,+9.3,+10.5
43273.0490277778,+26.4,+11.8,+9.3,+10.5
43273.0497222222,+26.4,+11.8,+9.3,+10.5
43273.0504166667,+26.4,+11.8,+9.3,+10.5
43273.0511111111,+26.4,+11.8,+9.3,+10.5
43273.0518055556,+26.4,+11.9,+9.3,+10.5
43273.0525,+26.4,+11.8,+9.3,+10.5
43273.0531944444,+26.4,+11.9,+9.3,+10.5
43273.0538888889,+26.4,+11.8,+9.5,+10.5
43273.0545833333,+26.4,+11.9,+9.3,+10.5
43273.0552777778,+26.4,+11.9,+9.5,+10.5
43273.0559722222,+26.4,+11.9,+9.3,+10.5
43273.0566666667,+26.4,+11.9,+9.3,+10.5
43273.0573611111,+26.4,+11.9,+9.3,+10.5
43273.0580555556,+26.4,+11.9,+9.5,+10.5
43273.05875,+26.4,+11.9,+9.5,+10.5
43273.0594444444,+26.4,+11.9,+9.3,+10.5
43273.0601388889,+26.4,+11.9,+9.5,+10.5
43273.0608333333,+26.4,+11.9,+9.5,+10.5
43273.0615277778,+26.4,+11.9,+9.5,+10.5
43273.0622222222,+26.4,+11.9,+9.5,+10.5
43273.0629166667,+26.4,+11.9,+9.5,+10.5
43273.0636111111,+26.4,+11.9,+9.5,+10.5
43273.0643055556,+26.4,+11.9,+9.5,+10.5
43273.065,+26.4,+11.9,+9.5,+10.5
43273.0656944444,+26.4,+11.9,+9.5,+10.5
43273.0663888889,+26.4,+11.9,+9.5,+10.5
43273.0670833333,+26.4,+11.9,+9.5,+10.5
43273.0677777778,+26.4,+11.9,+9.5,+10.5
43273.0684722222,+26.3,+11.8,+9.5,+10.5
43273.0691666667,+26.4,+11.9,+9.5,+10.5
43273.0698611111,+26.4,+11.9,+9.5,+10.5
43273.0705555556,+26.4,+11.9,+9.5,+10.5
43273.07125,+26.4,+11.9,+9.5,+10.5
43273.0719444444,+26.4,+11.9,+9.5,+10.5
43273.0726388889,+26.4,+11.9,+9.5,+10.5
43273.0733333333,+26.4,+11.9,+9.5,+10.5
43273.0740277778,+26.4,+11.9,+9.5,+10.6
43273.0747222222,+26.4,+11.9,+9.5,+10.5
43273.0754166667,+26.4,+12.0,+9.5,+10.5
43273.0761111111,+26.4,+11.9,+9.5,+10.6
43273.0768055556,+26.4,+12.0,+9.5,+10.5
43273.0775,+26.4,+12.0,+9.5,+10.5
43273.0781944444,+26.4,+12.0,+9.5,+10.6
43273.0788888889,+26.4,+12.0,+9.5,+10.6
43273.0795833333,+26.4,+12.0,+9.5,+10.6
43273.0802777778,+26.4,+12.0,+9.5,+10.5
43273.0809722222,+26.4,+12.0,+9.5,+10.5
43273.0816666667,+26.3,+11.9,+9.5,+10.6
43273.0823611111,+26.4,+12.0,+9.5,+10.6
43273.0830555556,+26.4,+12.0,+9.5,+10.5
43273.08375,+26.4,+12.0,+9.5,+10.6
43273.0844444444,+26.4,+12.0,+9.5,+10.5
43273.0851388889,+26.4,+12.0,+9.5,+10.6
43273.0858333333,+26.4,+12.0,+9.5,+10.6
43273.0865277778,+26.4,+12.0,+9.5,+10.6
43273.0872222222,+26.4,+12.0,+9.5,+10.6
43273.0879166667,+26.4,+12.0,+9.5,+10.6
43273.0886111111,+26.4,+12.0,+9.5,+10.6
43273.0893055556,+26.4,+12.0,+9.5,+10.6
43273.09,+26.4,+12.0,+9.5,+10.6
43273.0906944444,+26.4,+12.0,+9.5,+10.6
43273.0913888889,+26.4,+12.0,+9.5,+10.6
43273.0920833333,+26.4,+12.0,+9.5,+10.6
43273.0927777778,+26.4,+12.0,+9.5,+10.6
43273.0934722222,+26.4,+12.0,+9.5,+10.6
43273.0941666667,+26.4,+12.0,+9.5,+10.6
43273.0948611111,+26.4,+12.0,+9.5,+10.6
43273.0955555556,+26.4,+12.0,+9.5,+10.6
43273.09625,+26.4,+12.0,+9.5,+10.6
43273.0969444444,+26.4,+12.0,+9.5,+10.6
43273.0976388889,+26.4,+12.0,+9.5,+10.6
43273.0983333333,+26.4,+12.0,+9.5,+10.6
43273.0990277778,+26.4,+12.1,+9.5,+10.6
43273.0997222222,+26.3,+12.1,+9.5,+10.6
43273.1004166667,+26.3,+12.1,+9.5,+10.6
43273.1011111111,+26.4,+12.1,+9.5,+10.6
43273.1018055556,+26.3,+12.1,+9.5,+10.6
43273.1025,+26.3,+12.1,+9.5,+10.6
43273.1031944444,+26.3,+12.1,+9.5,+10.6
43273.1038888889,+26.3,+12.0,+9.5,+10.6
43273.1045833333,+26.3,+12.1,+9.5,+10.6
43273.1052777778,+26.3,+12.1,+9.5,+10.6
43273.1059722222,+26.3,+12.1,+9.5,+10.6
43273.1066666667,+26.3,+12.1,+9.5,+10.6
43273.1073611111,+26.4,+12.1,+9.5,+10.6
43273.1080555556,+26.3,+12.1,+9.5,+10.6
43273.10875,+26.3,+12.1,+9.5,+10.6
43273.1094444444,+26.3,+12.1,+9.5,+10.6
43273.1101388889,+26.3,+12.1,+9.5,+10.6
43273.1108333333,+26.3,+12.1,+9.5,+10.6
43273.1115277778,+26.3,+12.1,+9.5,+10.6
43273.1122222222,+26.3,+12.1,+9.5,+10.6
43273.1129166667,+26.3,+12.1,+9.5,+10.6
43273.1136111111,+26.3,+12.1,+9.5,+10.6
43273.1143055556,+26.3,+12.1,+9.5,+10.6
43273.115,+26.3,+12.1,+9.5,+10.6
43273.1156944444,+26.3,+12.1,+9.5,+10.6
43273.1163888889,+26.3,+12.1,+9.5,+10.6
43273.1170833333,+26.3,+12.1,+9.5,+10.6
43273.1177777778,+26.3,+12.1,+9.5,+10.6
43273.1184722222,+26.3,+12.1,+9.5,+10.6
43273.1191666667,+26.3,+12.1,+9.5,+10.6
43273.1198611111,+26.3,+12.1,+9.5,+10.6
43273.1205555556,+26.3,+12.1,+9.5,+10.6
43273.12125,+26.3,+12.1,+9.5,+10.6
43273.1219444444,+26.3,+12.1,+9.5,+10.6
43273.1226388889,+26.3,+12.1,+9.5,+10.6
43273.1233333333,+26.3,+12.0,+9.5,+10.6
43273.1240277778,+26.3,+12.1,+9.5,+10.6
43273.1247222222,+26.3,+12.2,+9.5,+10.6
43273.1254166667,+26.3,+12.1,+9.5,+10.6
43273.1261111111,+26.3,+12.2,+9.5,+10.6
43273.1268055556,+26.3,+12.2,+9.5,+10.6
43273.1275,+26.3,+12.2,+9.5,+10.6
43273.1281944444,+26.3,+12.2,+9.5,+10.6
43273.1288888889,+26.3,+12.2,+9.5,+10.6
43273.1295833333,+26.3,+12.2,+9.5,+10.6
43273.1302777778,+26.3,+12.2,+9.5,+10.6
43273.1309722222,+26.3,+12.2,+9.5,+10.6
43273.1316666667,+26.3,+12.2,+9.5,+10.6
43273.1323611111,+26.3,+12.2,+9.5,+10.6
43273.1330555556,+26.3,+12.2,+9.5,+10.6
43273.13375,+26.3,+12.2,+9.5,+10.6
43273.1344444444,+26.3,+12.2,+9.5,+10.6
43273.1351388889,+26.3,+12.2,+9.5,+10.6
43273.1358333333,+26.3,+12.2,+9.5,+10.6
43273.1365277778,+26.3,+12.2,+9.5,+10.6
43273.1372222222,+26.3,+12.2,+9.5,+10.6
43273.1379166667,+26.3,+12.2,+9.5,+10.6
43273.1386111111,+26.3,+12.2,+9.5,+10.6
43273.1393055556,+26.3,+12.2,+9.5,+10.6
43273.14,+26.3,+12.2,+9.5,+10.6
43273.1406944444,+26.3,+12.2,+9.5,+10.6
43273.1413888889,+26.3,+12.2,+9.5,+10.6
43273.1420833333,+26.3,+12.2,+9.5,+10.6
43273.1427777778,+26.3,+12.2,+9.5,+10.6
43273.1434722222,+26.3,+12.2,+9.5,+10.6
43273.1441666667,+26.3,+12.2,+9.5,+10.6
43273.1448611111,+26.3,+12.2,+9.5,+10.6
43273.1455555556,+26.3,+12.2,+9.5,+10.6
43273.14625,+26.3,+12.2,+9.5,+10.6
43273.1469444444,+26.3,+12.2,+9.5,+10.6
43273.1476388889,+26.3,+12.2,+9.5,+10.6
43273.1483333333,+26.3,+12.2,+9.5,+10.6
43273.1490277778,+26.3,+12.2,+9.5,+10.6
43273.1497222222,+26.3,+12.2,+9.5,+10.6
43273.1504166667,+26.3,+12.3,+9.5,+10.6
43273.1511111111,+26.3,+12.3,+9.5,+10.6
43273.1518055556,+26.3,+12.3,+9.5,+10.6
43273.1525,+26.3,+12.3,+9.5,+10.6
43273.1531944444,+26.3,+12.3,+9.5,+10.6
43273.1538888889,+26.3,+12.3,+9.5,+10.6
43273.1545833333,+26.3,+12.3,+9.5,+10.6
43273.1552777778,+26.3,+12.3,+9.5,+10.6
43273.1559722222,+26.3,+12.3,+9.5,+10.6
43273.1566666667,+26.3,+12.3,+9.5,+10.6
43273.1573611111,+26.3,+12.2,+9.5,+10.6
43273.1580555556,+26.3,+12.3,+9.5,+10.6
43273.15875,+26.3,+12.3,+9.5,+10.7
43273.1594444444,+26.3,+12.3,+9.5,+10.7
43273.1601388889,+26.3,+12.3,+9.5,+10.6
43273.1608333333,+26.3,+12.3,+9.5,+10.7
43273.1615277778,+26.3,+12.3,+9.5,+10.6
43273.1622222222,+26.3,+12.3,+9.5,+10.6
43273.1629166667,+26.3,+12.3,+9.5,+10.6
43273.1636111111,+26.3,+12.3,+9.5,+10.7
43273.1643055556,+26.3,+12.3,+9.5,+10.7
43273.165,+26.3,+12.3,+9.5,+10.6
43273.1656944444,+26.3,+12.3,+9.5,+10.6
43273.1663888889,+26.3,+12.3,+9.5,+10.7
43273.1670833333,+26.3,+12.3,+9.5,+10.7
43273.1677777778,+26.3,+12.3,+9.5,+10.7
43273.1684722222,+26.3,+12.3,+9.5,+10.7
43273.1691666667,+26.3,+12.3,+9.5,+10.7
43273.1698611111,+26.3,+12.3,+9.5,+10.7
43273.1705555556,+26.3,+12.3,+9.5,+10.7
43273.17125,+26.3,+12.3,+9.5,+10.7
43273.1719444444,+26.3,+12.3,+9.5,+10.7
43273.1726388889,+26.3,+12.3,+9.5,+10.7
43273.1733333333,+26.3,+12.3,+9.5,+10.7
43273.1740277778,+26.3,+12.3,+9.5,+10.6
43273.1747222222,+26.3,+12.3,+9.5,+10.7
43273.1754166667,+26.3,+12.3,+9.5,+10.7
43273.1761111111,+26.3,+12.3,+9.5,+10.7
43273.1768055556,+26.3,+12.4,+9.5,+10.7
43273.1775,+26.3,+12.4,+9.5,+10.7
43273.1781944444,+26.3,+12.4,+9.5,+10.7
43273.1788888889,+26.3,+12.4,+9.5,+10.7
43273.1795833333,+26.3,+12.4,+9.5,+10.7
43273.1802777778,+26.3,+12.4,+9.5,+10.7
43273.1809722222,+26.3,+12.4,+9.5,+10.7
43273.1816666667,+26.3,+12.4,+9.5,+10.7
43273.1823611111,+26.3,+12.4,+9.6,+10.7
43273.1830555556,+26.3,+12.4,+9.5,+10.7
43273.18375,+26.3,+12.4,+9.6,+10.7
43273.1844444444,+26.3,+12.4,+9.6,+10.7
43273.1851388889,+26.3,+12.4,+9.6,+10.7
43273.1858333333,+26.3,+12.4,+9.5,+10.7
43273.1865277778,+26.3,+12.4,+9.5,+10.7
43273.1872222222,+26.3,+12.4,+9.6,+10.7
43273.1879166667,+26.3,+12.4,+9.6,+10.7
43273.1886111111,+26.3,+12.4,+9.5,+10.7
43273.1893055556,+26.3,+12.4,+9.6,+10.7
43273.19,+26.3,+12.4,+9.6,+10.7
43273.1906944444,+26.3,+12.4,+9.6,+10.7
43273.1913888889,+26.3,+12.4,+9.6,+10.7
43273.1920833333,+26.3,+12.4,+9.6,+10.7
43273.1927777778,+26.3,+12.4,+9.6,+10.7
43273.1934722222,+26.3,+12.4,+9.6,+10.7
43273.1941666667,+26.3,+12.4,+9.6,+10.7
43273.1948611111,+26.3,+12.4,+9.6,+10.7
43273.1955555556,+26.2,+12.3,+9.6,+10.7
43273.19625,+26.3,+12.4,+9.6,+10.7
43273.1969444444,+26.3,+12.4,+9.6,+10.7
43273.1976388889,+26.3,+12.4,+9.6,+10.7
43273.1983333333,+26.3,+12.4,+9.6,+10.7
43273.1990277778,+26.3,+12.4,+9.6,+10.7
43273.1997222222,+26.3,+12.4,+9.6,+10.7
43273.2004166667,+26.3,+12.4,+9.6,+10.7
43273.2011111111,+26.3,+12.4,+9.6,+10.6
43273.2018055556,+26.3,+12.4,+9.6,+10.7
43273.2025,+26.3,+12.5,+9.6,+10.7
43273.2031944444,+26.3,+12.4,+9.6,+10.7
43273.2038888889,+26.3,+12.4,+9.6,+10.7
43273.2045833333,+26.3,+12.5,+9.6,+10.7
43273.2052777778,+26.3,+12.5,+9.6,+10.7
43273.2059722222,+26.3,+12.5,+9.6,+10.7
43273.2066666667,+26.3,+12.5,+9.6,+10.7
43273.2073611111,+26.3,+12.5,+9.6,+10.7
43273.2080555556,+26.3,+12.5,+9.6,+10.7
43273.20875,+26.3,+12.5,+9.6,+10.7
43273.2094444444,+26.3,+12.5,+9.6,+10.7
43273.2101388889,+26.3,+12.5,+9.6,+10.7
43273.2108333333,+26.3,+12.5,+9.6,+10.7
43273.2115277778,+26.3,+12.5,+9.6,+10.7
43273.2122222222,+26.3,+12.5,+9.6,+10.7
43273.2129166667,+26.3,+12.5,+9.6,+10.7
43273.2136111111,+26.3,+12.5,+9.6,+10.7
43273.2143055556,+26.3,+12.5,+9.6,+10.7
43273.215,+26.3,+12.5,+9.6,+10.7
43273.2156944444,+26.3,+12.5,+9.6,+10.7
43273.2163888889,+26.2,+12.4,+9.6,+10.7
43273.2170833333,+26.3,+12.5,+9.6,+10.7
43273.2177777778,+26.3,+12.5,+9.6,+10.7
43273.2184722222,+26.3,+12.5,+9.6,+10.7
43273.2191666667,+26.3,+12.5,+9.6,+10.7
43273.2198611111,+26.3,+12.5,+9.6,+10.7
43273.2205555556,+26.3,+12.5,+9.6,+10.7
43273.22125,+26.3,+12.5,+9.6,+10.7
43273.2219444444,+26.3,+12.5,+9.6,+10.7
43273.2226388889,+26.3,+12.5,+9.6,+10.7
43273.2233333333,+26.3,+12.5,+9.6,+10.7
43273.2240277778,+26.3,+12.5,+9.6,+10.7
43273.2247222222,+26.2,+12.5,+9.6,+10.7
43273.2254166667,+26.2,+12.5,+9.6,+10.7
43273.2261111111,+26.3,+12.5,+9.6,+10.7
43273.2268055556,+26.2,+12.5,+9.6,+10.7
43273.2275,+26.2,+12.5,+9.6,+10.7
43273.2281944444,+26.2,+12.5,+9.6,+10.7
43273.2288888889,+26.2,+12.5,+9.6,+10.7
43273.2295833333,+26.2,+12.5,+9.6,+10.7
43273.2302777778,+26.2,+12.5,+9.6,+10.7
43273.2309722222,+26.2,+12.5,+9.6,+10.7
43273.2316666667,+26.2,+12.5,+9.6,+10.7
43273.2323611111,+26.2,+12.5,+9.6,+10.7
43273.2330555556,+26.2,+12.5,+9.6,+10.7
43273.23375,+26.2,+12.5,+9.6,+10.7
43273.2344444444,+26.2,+12.5,+9.6,+10.7
43273.2351388889,+26.2,+12.5,+9.6,+10.7
43273.2358333333,+26.2,+12.5,+9.6,+10.7
43273.2365277778,+26.2,+12.5,+9.6,+10.7
43273.2372222222,+26.2,+12.5,+9.6,+10.7
43273.2379166667,+26.2,+12.5,+9.6,+10.7
43273.2386111111,+26.2,+12.5,+9.6,+10.7
43273.2393055556,+26.2,+12.5,+9.6,+10.7
43273.24,+26.2,+12.5,+9.6,+10.7
43273.2406944444,+26.2,+12.5,+9.6,+10.7
43273.2413888889,+26.2,+12.5,+9.6,+10.7
43273.2420833333,+26.2,+12.5,+9.6,+10.7
43273.2427777778,+26.2,+12.5,+9.6,+10.7
43273.2434722222,+26.2,+12.5,+9.6,+10.7
43273.2441666667,+26.2,+12.5,+9.6,+10.7
43273.2448611111,+26.2,+12.5,+9.6,+10.7
43273.2455555556,+26.2,+12.5,+9.6,+10.7
43273.24625,+26.2,+12.5,+9.6,+10.7
43273.2469444444,+26.2,+12.5,+9.6,+10.7
43273.2476388889,+26.2,+12.5,+9.6,+10.7
43273.2483333333,+26.2,+12.5,+9.6,+10.7
43273.2490277778,+26.2,+12.5,+9.6,+10.7
43273.2497222222,+26.2,+12.5,+9.6,+10.7
43273.2504166667,+26.2,+12.5,+9.7,+10.7
43273.2511111111,+26.2,+12.5,+9.6,+10.7
43273.2518055556,+26.2,+12.5,+9.6,+10.7
43273.2525,+26.2,+12.5,+9.6,+10.7
43273.2531944444,+26.2,+12.5,+9.6,+10.7
43273.2538888889,+26.2,+12.5,+9.6,+10.7
43273.2545833333,+26.2,+12.5,+9.6,+10.7
43273.2552777778,+26.2,+12.5,+9.6,+10.7
43273.2559722222,+26.2,+12.5,+9.6,+10.7
43273.2566666667,+26.2,+12.5,+9.7,+10.7
43273.2573611111,+26.2,+12.5,+9.6,+10.7
43273.2580555556,+26.2,+12.5,+9.7,+10.7
43273.25875,+26.2,+12.5,+9.7,+10.7
43273.2594444444,+26.2,+12.5,+9.6,+10.7
43273.2601388889,+26.2,+12.5,+9.6,+10.7
43273.2608333333,+26.2,+12.5,+9.7,+10.7
43273.2615277778,+26.2,+12.5,+9.7,+10.7
43273.2622222222,+26.2,+12.5,+9.7,+10.7
43273.2629166667,+26.2,+12.5,+9.6,+10.7
43273.2636111111,+26.2,+12.6,+9.7,+10.7
43273.2643055556,+26.2,+12.6,+9.7,+10.7
43273.265,+26.2,+12.6,+9.7,+10.8
43273.2656944444,+26.2,+12.5,+9.7,+10.7
43273.2663888889,+26.2,+12.5,+9.7,+10.7
43273.2670833333,+26.2,+12.5,+9.7,+10.8
43273.2677777778,+26.2,+12.5,+9.7,+10.7
43273.2684722222,+26.2,+12.6,+9.7,+10.8
43273.2691666667,+26.2,+12.6,+9.7,+10.7
43273.2698611111,+26.2,+12.6,+9.7,+10.7
43273.2705555556,+26.2,+12.6,+9.7,+10.7
43273.27125,+26.2,+12.6,+9.7,+10.8
43273.2719444444,+26.2,+12.6,+9.7,+10.8
43273.2726388889,+26.2,+12.6,+9.7,+10.8
43273.2733333333,+26.2,+12.6,+9.7,+10.8
43273.2740277778,+26.2,+12.5,+9.7,+10.8
43273.2747222222,+26.2,+12.6,+9.7,+10.8
43273.2754166667,+26.2,+12.6,+9.7,+10.8
43273.2761111111,+26.2,+12.6,+9.7,+10.8
43273.2768055556,+26.2,+12.6,+9.7,+10.8
43273.2775,+26.2,+12.6,+9.7,+10.8
43273.2781944444,+26.2,+12.6,+9.7,+10.8
43273.2788888889,+26.2,+12.6,+9.7,+10.8
43273.2795833333,+26.2,+12.6,+9.7,+10.8
43273.2802777778,+26.2,+12.6,+9.7,+10.8
43273.2809722222,+26.2,+12.6,+9.7,+10.8
43273.2816666667,+26.2,+12.6,+9.7,+10.8
43273.2823611111,+26.2,+12.6,+9.7,+10.8
43273.2830555556,+26.2,+12.6,+9.7,+10.8
43273.28375,+26.2,+12.6,+9.7,+10.8
43273.2844444444,+26.2,+12.6,+9.7,+10.8
43273.2851388889,+26.2,+12.6,+9.7,+10.8
43273.2858333333,+26.2,+12.6,+9.7,+10.8
43273.2865277778,+26.2,+12.6,+9.7,+10.8
43273.2872222222,+26.2,+12.6,+9.7,+10.8
43273.2879166667,+26.2,+12.6,+9.7,+10.8
43273.2886111111,+26.2,+12.6,+9.7,+10.8
43273.2893055556,+26.2,+12.6,+9.7,+10.8
43273.29,+26.1,+12.5,+9.7,+10.7
43273.2906944444,+26.2,+12.6,+9.7,+10.8
43273.2913888889,+26.2,+12.6,+9.7,+10.8
43273.2920833333,+26.2,+12.6,+9.7,+10.8
43273.2927777778,+26.2,+12.6,+9.7,+10.8
43273.2934722222,+26.2,+12.6,+9.7,+10.8
43273.2941666667,+26.2,+12.6,+9.7,+10.8
43273.2948611111,+26.2,+12.7,+9.7,+10.8
43273.2955555556,+26.2,+12.6,+9.7,+10.8
43273.29625,+26.2,+12.6,+9.7,+10.8
43273.2969444444,+26.2,+12.6,+9.7,+10.8
43273.2976388889,+26.2,+12.7,+9.7,+10.8
43273.2983333333,+26.2,+12.6,+9.7,+10.8
43273.2990277778,+26.2,+12.7,+9.7,+10.8
43273.2997222222,+26.2,+12.7,+9.7,+10.8
43273.3004166667,+26.2,+12.7,+9.7,+10.8
43273.3011111111,+26.2,+12.7,+9.7,+10.8
43273.3018055556,+26.2,+12.7,+9.7,+10.8
43273.3025,+26.2,+12.7,+9.7,+10.8
43273.3031944444,+26.2,+12.7,+9.7,+10.8
43273.3038888889,+26.2,+12.7,+9.7,+10.8
43273.3045833333,+26.2,+12.7,+9.7,+10.8
43273.3052777778,+26.2,+12.7,+9.7,+10.8
43273.3059722222,+26.2,+12.7,+9.7,+10.8
43273.3066666667,+26.2,+12.7,+9.7,+10.8
43273.3073611111,+26.2,+12.7,+9.7,+10.8
43273.3080555556,+26.2,+12.7,+9.7,+10.8
43273.30875,+26.2,+12.7,+9.7,+10.8
43273.3094444444,+26.2,+12.7,+9.7,+10.8
43273.3101388889,+26.2,+12.7,+9.7,+10.8
43273.3108333333,+26.2,+12.7,+9.7,+10.8
43273.3115277778,+26.2,+12.7,+9.7,+10.8
43273.3122222222,+26.2,+12.7,+9.7,+10.8
43273.3129166667,+26.2,+12.7,+9.7,+10.8
43273.3136111111,+26.2,+12.7,+9.7,+10.8
43273.3143055556,+26.2,+12.7,+9.7,+10.8
43273.315,+26.2,+12.7,+9.7,+10.8
43273.3156944444,+26.2,+12.7,+9.7,+10.8
43273.3163888889,+26.2,+12.7,+9.7,+10.8
43273.3170833333,+26.2,+12.7,+9.7,+10.8
43273.3177777778,+26.2,+12.7,+9.7,+10.8
43273.3184722222,+26.2,+12.7,+9.7,+10.8
43273.3191666667,+26.2,+12.7,+9.7,+10.8
43273.3198611111,+26.2,+12.7,+9.7,+10.8
43273.3205555556,+26.2,+12.7,+9.7,+10.8
43273.32125,+26.2,+12.7,+9.7,+10.8
43273.3219444444,+26.2,+12.7,+9.7,+10.8
43273.3226388889,+26.2,+12.7,+9.7,+10.8
43273.3233333333,+26.2,+12.7,+9.7,+10.8
43273.3240277778,+26.2,+12.7,+9.7,+10.8
43273.3247222222,+26.2,+12.7,+9.8,+10.8
43273.3254166667,+26.2,+12.7,+9.7,+10.8
43273.3261111111,+26.2,+12.7,+9.8,+10.8
43273.3268055556,+26.2,+12.7,+9.7,+10.8
43273.3275,+26.2,+12.7,+9.7,+10.8
43273.3281944444,+26.2,+12.7,+9.7,+10.8
43273.3288888889,+26.2,+12.7,+9.7,+10.8
43273.3295833333,+26.2,+12.7,+9.7,+10.8
43273.3302777778,+26.2,+12.7,+9.7,+10.8
43273.3309722222,+26.2,+12.7,+9.7,+10.8
43273.3316666667,+26.2,+12.8,+9.7,+10.8
43273.3323611111,+26.2,+12.7,+9.7,+10.8
43273.3330555556,+26.2,+12.8,+9.7,+10.8
43273.33375,+26.2,+12.8,+9.7,+10.8
43273.3344444444,+26.2,+12.8,+9.7,+10.8
43273.3351388889,+26.2,+12.8,+9.8,+10.8
43273.3358333333,+26.2,+12.8,+9.8,+10.8
43273.3365277778,+26.2,+12.8,+9.8,+10.8
43273.3372222222,+26.2,+12.8,+9.8,+10.8
43273.3379166667,+26.2,+12.8,+9.7,+10.8
43273.3386111111,+26.2,+12.8,+9.7,+10.8
43273.3393055556,+26.2,+12.8,+9.8,+10.8
43273.34,+26.2,+12.8,+9.8,+10.8
43273.3406944444,+26.2,+12.8,+9.8,+10.8
43273.3413888889,+26.2,+12.8,+9.7,+10.8
43273.3420833333,+26.2,+12.8,+9.7,+10.8
43273.3427777778,+26.2,+12.7,+9.7,+10.8
43273.3434722222,+26.2,+12.8,+9.8,+10.8
43273.3441666667,+26.2,+12.8,+9.8,+10.8
43273.3448611111,+26.2,+12.8,+9.8,+10.8
43273.3455555556,+26.2,+12.8,+9.8,+10.8
43273.34625,+26.2,+12.8,+9.8,+10.8
43273.3469444444,+26.2,+12.8,+9.8,+10.8
43273.3476388889,+26.2,+12.8,+9.8,+10.8
43273.3483333333,+26.2,+12.8,+9.8,+10.8
43273.3490277778,+26.2,+12.8,+9.8,+10.8
43273.3497222222,+26.2,+12.8,+9.8,+10.8
43273.3504166667,+26.2,+12.8,+9.8,+10.8
43273.3511111111,+26.2,+12.8,+9.8,+10.8
43273.3518055556,+26.2,+12.8,+9.8,+10.8
43273.3525,+26.2,+12.8,+9.8,+10.8
43273.3531944444,+26.2,+12.8,+9.8,+10.8
43273.3538888889,+26.2,+12.8,+9.8,+10.8
43273.3545833333,+26.2,+12.8,+9.8,+10.8
43273.3552777778,+26.2,+12.8,+9.8,+10.8
43273.3559722222,+26.2,+12.8,+9.8,+10.8
43273.3566666667,+26.2,+12.8,+9.8,+10.8
43273.3573611111,+26.2,+12.8,+9.8,+10.8
43273.3580555556,+26.2,+12.8,+9.8,+10.8
43273.35875,+26.2,+12.8,+9.8,+10.8
43273.3594444444,+26.2,+12.8,+9.8,+10.8
43273.3601388889,+26.2,+12.8,+9.8,+10.8
43273.3608333333,+26.2,+12.8,+9.8,+10.8
43273.3615277778,+26.2,+12.8,+9.8,+10.8
43273.3622222222,+26.2,+12.8,+9.8,+10.8
43273.3629166667,+26.2,+12.8,+9.8,+10.8
43273.3636111111,+26.2,+12.8,+9.8,+10.8
43273.3643055556,+26.2,+12.8,+9.8,+10.8
43273.365,+26.2,+12.8,+9.8,+10.8
43273.3656944444,+26.2,+12.8,+9.8,+10.8
43273.3663888889,+26.2,+12.9,+9.8,+10.8
43273.3670833333,+26.2,+12.8,+9.8,+10.8
43273.3677777778,+26.2,+12.9,+9.8,+10.8
43273.3684722222,+26.2,+12.9,+9.8,+10.8
43273.3691666667,+26.2,+12.9,+9.8,+10.8
43273.3698611111,+26.2,+12.9,+9.8,+10.8
43273.3705555556,+26.2,+12.9,+9.8,+10.8
43273.37125,+26.2,+12.9,+9.8,+10.8
43273.3719444444,+26.2,+12.9,+9.8,+10.8
43273.3726388889,+26.2,+12.9,+9.8,+10.8
43273.3733333333,+26.2,+12.9,+9.8,+10.8
43273.3740277778,+26.2,+12.9,+9.8,+10.8
43273.3747222222,+26.2,+12.9,+9.8,+10.8
43273.3754166667,+26.1,+12.8,+9.8,+10.8
43273.3761111111,+26.2,+12.9,+9.8,+10.8
43273.3768055556,+26.2,+12.9,+9.8,+11.0
43273.3775,+26.2,+12.9,+9.8,+11.0
43273.3781944444,+26.2,+12.9,+9.8,+10.8
43273.3788888889,+26.2,+12.9,+9.8,+10.8
43273.3795833333,+26.2,+12.9,+9.8,+10.8
43273.3802777778,+26.2,+12.9,+9.8,+11.0
43273.3809722222,+26.2,+12.8,+9.8,+11.0
43273.3816666667,+26.2,+12.9,+9.8,+11.0
43273.3823611111,+26.2,+12.9,+9.8,+11.0
43273.3830555556,+26.1,+12.9,+9.8,+10.8
43273.38375,+26.1,+12.9,+9.8,+10.8
43273.3844444444,+26.2,+12.9,+9.8,+11.0
43273.3851388889,+26.2,+12.9,+9.8,+10.8
43273.3858333333,+26.1,+12.9,+9.8,+10.8
43273.3865277778,+26.1,+12.9,+9.8,+11.0
43273.3872222222,+26.1,+12.9,+9.8,+10.8
43273.3879166667,+26.1,+12.9,+9.8,+10.8
43273.3886111111,+26.2,+12.9,+9.8,+10.8
43273.3893055556,+26.1,+12.9,+9.8,+11.0
43273.39,+26.1,+12.9,+9.8,+10.8
43273.3906944444,+26.1,+12.9,+9.8,+10.8
43273.3913888889,+26.1,+12.9,+9.8,+10.8
43273.3920833333,+26.1,+12.9,+9.8,+10.8
43273.3927777778,+26.1,+12.9,+9.8,+11.0
43273.3934722222,+26.1,+12.9,+9.8,+10.8
43273.3941666667,+26.1,+12.9,+9.8,+11.0
43273.3948611111,+26.1,+12.9,+9.8,+11.0
43273.3955555556,+26.1,+12.9,+9.8,+11.0
43273.39625,+26.1,+12.9,+9.8,+11.0
43273.3969444444,+26.1,+12.9,+9.8,+10.8
43273.3976388889,+26.1,+12.9,+9.8,+10.8
43273.3983333333,+26.1,+12.9,+9.8,+11.0
43273.3990277778,+26.1,+12.9,+9.8,+11.0
43273.3997222222,+26.1,+12.9,+9.8,+11.0
43273.4004166667,+26.1,+12.9,+9.8,+11.0
43273.4011111111,+26.1,+12.9,+9.8,+11.0
43273.4018055556,+26.1,+12.9,+9.8,+11.0
43273.4025,+26.1,+13.0,+9.8,+11.0
43273.4031944444,+26.1,+12.9,+9.8,+11.0
43273.4038888889,+26.1,+13.0,+9.8,+11.0
43273.4045833333,+26.1,+13.0,+9.8,+11.0
43273.4052777778,+26.1,+12.9,+9.8,+11.0
43273.4059722222,+26.1,+13.0,+9.8,+11.0
43273.4066666667,+26.1,+12.9,+9.8,+11.0
43273.4073611111,+26.1,+13.0,+9.8,+11.0
43273.4080555556,+26.1,+13.0,+9.8,+11.0
43273.40875,+26.1,+13.0,+9.8,+11.0
43273.4094444444,+26.1,+12.9,+9.8,+11.0
43273.4101388889,+26.1,+13.0,+9.8,+11.0
43273.4108333333,+26.1,+13.0,+9.8,+11.0
43273.4115277778,+26.1,+13.0,+9.8,+11.0
43273.4122222222,+26.1,+13.0,+9.8,+11.0
43273.4129166667,+26.1,+13.0,+9.8,+11.0
43273.4136111111,+26.1,+13.0,+9.8,+11.0
43273.4143055556,+26.1,+13.0,+9.8,+11.0
43273.415,+26.1,+13.0,+9.8,+11.0
43273.4156944444,+26.1,+12.9,+10.0,+11.0
43273.4163888889,+26.1,+13.0,+10.0,+11.0
43273.4170833333,+26.1,+12.9,+10.0,+11.0
43273.4177777778,+26.1,+13.0,+9.8,+11.0
43273.4184722222,+26.1,+13.0,+9.8,+11.0
43273.4191666667,+26.1,+13.0,+9.8,+11.0
43273.4198611111,+26.1,+13.0,+10.0,+11.0
43273.4205555556,+26.1,+13.0,+9.8,+11.0
43273.42125,+26.1,+13.0,+9.8,+11.0
43273.4219444444,+26.1,+13.0,+10.0,+11.0
43273.4226388889,+26.1,+13.0,+9.8,+11.0
43273.4233333333,+26.1,+13.0,+9.8,+11.0
43273.4240277778,+26.1,+13.0,+9.8,+11.0
43273.4247222222,+26.1,+13.0,+10.0,+11.0
43273.4254166667,+26.1,+13.0,+10.0,+11.0
43273.4261111111,+26.1,+13.0,+10.0,+11.0
43273.4268055556,+26.1,+13.0,+10.0,+11.0
43273.4275,+26.1,+13.0,+10.0,+11.0
43273.4281944444,+26.1,+13.0,+9.8,+11.0
43273.4288888889,+26.1,+13.0,+10.0,+11.0
43273.4295833333,+26.1,+13.0,+10.0,+11.0
43273.4302777778,+26.1,+13.0,+10.0,+11.0
43273.4309722222,+26.1,+13.0,+10.0,+11.0
43273.4316666667,+26.1,+13.0,+10.0,+11.0
43273.4323611111,+26.1,+13.0,+10.0,+11.0
43273.4330555556,+26.1,+13.0,+10.0,+11.0
43273.43375,+26.1,+13.0,+10.0,+11.0
43273.4344444444,+26.1,+13.0,+10.0,+11.0
43273.4351388889,+26.1,+13.0,+10.0,+11.0
43273.4358333333,+26.1,+13.0,+10.0,+11.0
43273.4365277778,+26.1,+13.0,+10.0,+11.0
43273.4372222222,+26.1,+13.0,+10.0,+11.0
43273.4379166667,+26.1,+13.0,+9.8,+10.8
43273.4386111111,+26.1,+13.0,+10.0,+11.0
43273.4393055556,+26.1,+13.0,+10.0,+11.0
43273.44,+26.1,+13.0,+10.0,+11.0
43273.4406944444,+26.1,+13.0,+10.0,+11.0
43273.4413888889,+26.1,+13.0,+10.0,+11.0
43273.4420833333,+26.1,+13.0,+10.0,+11.0
43273.4427777778,+26.1,+13.0,+10.0,+11.0
43273.4434722222,+26.1,+13.1,+10.0,+11.0
43273.4441666667,+26.1,+13.1,+10.0,+11.0
43273.4448611111,+26.1,+13.0,+10.0,+11.0
43273.4455555556,+26.1,+13.1,+10.0,+11.0
43273.44625,+26.1,+13.1,+10.0,+11.0
43273.4469444444,+26.1,+13.1,+10.0,+11.0
43273.4476388889,+26.1,+13.1,+10.0,+11.0
43273.4483333333,+26.1,+13.1,+10.0,+11.0
43273.4490277778,+26.1,+13.1,+10.0,+11.0
43273.4497222222,+26.1,+13.1,+10.0,+11.0
43273.4504166667,+26.1,+13.1,+10.0,+11.0
43273.4511111111,+26.1,+13.1,+10.0,+11.0
43273.4518055556,+26.1,+13.1,+10.0,+11.0
43273.4525,+26.1,+13.1,+10.0,+11.0
43273.4531944444,+26.1,+13.1,+10.0,+11.0
43273.4538888889,+26.1,+13.1,+10.0,+11.0
43273.4545833333,+26.1,+13.1,+10.0,+11.0
43273.4552777778,+26.1,+13.1,+10.0,+11.0
43273.4559722222,+26.1,+13.1,+10.0,+11.0
43273.4566666667,+26.1,+13.1,+10.0,+11.0
43273.4573611111,+26.1,+13.1,+10.0,+11.0
43273.4580555556,+26.1,+13.1,+10.0,+11.0
43273.45875,+26.1,+13.1,+10.0,+11.0
43273.4594444444,+26.1,+13.1,+10.0,+11.0
43273.4601388889,+26.1,+13.1,+10.0,+11.0
43273.4608333333,+26.1,+13.1,+10.0,+11.0
43273.4615277778,+26.1,+13.1,+10.0,+11.0
43273.4622222222,+26.1,+13.1,+10.0,+11.0
