1.009999999999999964e+01 8.400000000000000355e+00 8.599999999999999645e+00 1.000000000000000000e+01
1.009999260236689800e+01 8.400008309318796051e+00 8.600003513053501081e+00 9.999996443406827140e+00
1.009998774745716688e+01 8.400016616588033003e+00 8.600007025751560619e+00 9.999992887242674655e+00
1.010001325111229420e+01 8.400024920975715403e+00 8.600010537966483071e+00 9.999989331569031137e+00
1.010019900761411904e+01 8.400033222483918038e+00 8.600014049698401664e+00 9.999985776385761582e+00
1.010094315002328536e+01 8.400041521114712140e+00 8.600017560947451400e+00 9.999982221692729212e+00
1.010318259568405708e+01 8.400049816870170716e+00 8.600021071713761955e+00 9.999978667489799022e+00
1.010869699773765440e+01 8.400058109752357893e+00 8.600024581997468331e+00 9.999975113776832458e+00
1.012016151828654742e+01 8.400066399763339575e+00 8.600028091798701979e+00 9.999971560553694516e+00
1.014050454332721785e+01 8.400074686905218968e+00 8.600031601117601454e+00 9.999968007820248417e+00
1.017164968072771991e+01 8.400082971180117042e+00 8.600035109954312418e+00 9.999964455576348499e+00
1.021373203066762336e+01 8.400091252590142332e+00 8.600038618308969873e+00 9.999960903821857983e+00
1.026551960909050720e+01 8.400099531137293241e+00 8.600042126181701718e+00 9.999957352556645418e+00
1.032537320827376703e+01 8.400107806823738699e+00 8.600045633572655390e+00 9.999953801780566920e+00
1.039184162232773900e+01 8.400116079651454015e+00 8.600049140481953458e+00 9.999950251493489262e+00
1.046382480889573863e+01 8.400124349622474895e+00 8.600052646909723819e+00 9.999946701695280993e+00
1.054055305783822050e+01 8.400132616738863689e+00 8.600056152856105030e+00 9.999943152385801781e+00
1.062148407593265809e+01 8.400140881002664983e+00 8.600059658321224987e+00 9.999939603564918400e+00
1.070623346882008242e+01 8.400149142415928694e+00 8.600063163305220471e+00 9.999936055232494070e+00
1.079452789019903669e+01 8.400157400980702960e+00 8.600066667808222931e+00 9.999932507388393788e+00
1.088617474848199151e+01 8.400165656699030592e+00 8.600070171830365595e+00 9.999928960032478997e+00
1.098104991076296066e+01 8.400173909572956177e+00 8.600073675371783466e+00 9.999925413164616472e+00
1.107909185559488030e+01 8.400182159604524301e+00 8.600077178432606217e+00 9.999921866784667657e+00
1.118029612367569214e+01 8.400190406795779552e+00 8.600080681012972406e+00 9.999918320892495771e+00
1.126673811006279102e+01 8.400198651149432649e+00 8.600084183113116509e+00 9.999914775487917851e+00
1.133144197855554935e+01 8.400206892665629255e+00 8.600087684732880433e+00 9.999911230570935672e+00
1.138335869824196145e+01 8.400215131347016140e+00 8.600091185872491550e+00 9.999907686141369823e+00
1.142683488808426695e+01 8.400223367196220536e+00 8.600094686532177235e+00 9.999904142199040891e+00
1.146433002864450401e+01 8.400231600214951300e+00 8.600098186712013870e+00 9.999900598743833413e+00
1.149734234319288895e+01 8.400239830405217489e+00 8.600101686412138235e+00 9.999897055775615939e+00
1.152686881260736840e+01 8.400248057769086785e+00 8.600105185632688887e+00 9.999893513294249914e+00
1.155360191619583077e+01 8.400256282308466993e+00 8.600108684373781287e+00 9.999889971299607438e+00
1.157804292205143959e+01 8.400264504025319212e+00 8.600112182635534452e+00 9.999886429791557063e+00
1.160056626267549973e+01 8.400272722921599211e+00 8.600115680418078057e+00 9.999882888769969114e+00
1.162145971747029982e+01 8.400280938999250324e+00 8.600119177721527564e+00 9.999879348234712140e+00
1.164094983974250752e+01 8.400289152260224768e+00 8.600122674546010870e+00 9.999875808185654691e+00
1.165921769062735258e+01 8.400297362706462323e+00 8.600126170891645216e+00 9.999872268622670646e+00
1.167641032320894645e+01 8.400305570339892114e+00 8.600129666758553171e+00 9.999868729545626778e+00
1.169264967635074193e+01 8.400313775162455698e+00 8.600133162146855526e+00 9.999865190954396965e+00
1.170803744985359529e+01 8.400321977176085753e+00 8.600136657056676626e+00 9.999861652848846205e+00
1.172265957427922700e+01 8.400330176382711400e+00 8.600140151488131934e+00 9.999858115228850153e+00
1.173658897941769119e+01 8.400338372784247554e+00 8.600143645441342244e+00 9.999854578094279134e+00
1.174988878292879235e+01 8.400346566382602020e+00 8.600147138916428347e+00 9.999851041445001698e+00
1.176261338537301882e+01 8.400354757178707388e+00 8.600150631913352939e+00 9.999847505280966331e+00
1.177480993639533047e+01 8.400362945172286544e+00 8.600154124431895752e+00 9.999843969602208560e+00
1.178652116656906124e+01 8.400371130368050387e+00 8.600157616472611011e+00 9.999840434408389100e+00
1.179778408761118769e+01 8.400379312767888962e+00 8.600161108035614177e+00 9.999836899699381831e+00
1.180863149463842454e+01 8.400387492373670995e+00 8.600164599121018938e+00 9.999833365475060631e+00
1.181909257942541736e+01 8.400395669187252778e+00 8.600168089728938980e+00 9.999829831735297603e+00
1.182919362308133948e+01 8.400403843210474619e+00 8.600171579859482662e+00 9.999826298479973730e+00
1.183895835800365326e+01 8.400412014445276299e+00 8.600175069512774328e+00 9.999822765708954009e+00
1.184840814997872371e+01 8.400420182893512333e+00 8.600178558688924113e+00 9.999819233422115872e+00
1.185756236888343551e+01 8.400428348557039016e+00 8.600182047388049256e+00 9.999815701619333197e+00
1.186643863213173944e+01 8.400436511437712639e+00 8.600185535610258114e+00 9.999812170300481640e+00
1.187505301883052056e+01 8.400444671537409036e+00 8.600189023355669704e+00 9.999808639465435078e+00
1.188342022658842900e+01 8.400452828857975618e+00 8.600192510624390607e+00 9.999805109114065615e+00
1.189155373960470286e+01 8.400460983401259796e+00 8.600195997416539839e+00 9.999801579246252459e+00
1.189946595697109899e+01 8.400469135169114310e+00 8.600199483732223982e+00 9.999798049861869487e+00
1.190716830724895203e+01 8.400477284163381242e+00 8.600202969571558498e+00 9.999794520960788802e+00
1.191467133190400851e+01 8.400485430385963070e+00 8.600206454934664180e+00 9.999790992542884283e+00
1.192198480019584039e+01 8.400493573838719641e+00 8.600209939821656491e+00 9.999787464608028031e+00
1.192911778335177964e+01 8.400501714523461061e+00 8.600213424232640236e+00 9.999783937156099256e+00
1.193799190344136285e+01 8.400509852513739162e+00 8.600216908179035613e+00 9.999780410181521972e+00
1.195135409386479886e+01 8.400517987743889137e+00 8.600220391650317708e+00 9.999776883689300178e+00
1.197057053469762522e+01 8.400526120215529247e+00 8.600223874646566458e+00 9.999773357679321961e+00
1.199700863975097320e+01 8.400534249930583286e+00 8.600227357167909759e+00 9.999769832151459426e+00
1.203183728371064554e+01 8.400542376891010576e+00 8.600230839214479062e+00 9.999766307105575791e+00
1.207582697076575684e+01 8.400550501098789979e+00 8.600234320786414699e+00 9.999762782541536055e+00
1.212922158224807134e+01 8.400558622555845290e+00 8.600237801883841016e+00 9.999759258459206990e+00
1.219173572015843376e+01 8.400566741264132276e+00 8.600241282506891238e+00 9.999755734858455369e+00
1.226266808509111073e+01 8.400574857225610259e+00 8.600244762655698594e+00 9.999752211739146190e+00
1.234108002097851653e+01 8.400582970442231456e+00 8.600248242330399862e+00 9.999748689101142674e+00
1.242596979984894823e+01 8.400591080915948083e+00 8.600251721531126492e+00 9.999745166944313368e+00
1.251639874686807374e+01 8.400599188648715909e+00 8.600255200258013488e+00 9.999741645268521495e+00
1.261155768160028501e+01 8.400607293642476492e+00 8.600258678511190524e+00 9.999738124073632051e+00
1.271078456785910049e+01 8.400615395899178495e+00 8.600262156290796156e+00 9.999734603359513585e+00
1.281355166738359586e+01 8.400623495420470377e+00 8.600265633596910320e+00 9.999731083126050635e+00
1.291943288794728062e+01 8.400631592202154607e+00 8.600269110428699904e+00 9.999727563373580708e+00
1.302809735637363175e+01 8.400639686252624472e+00 8.600272586787314211e+00 9.999724044101474973e+00
1.313926539249615466e+01 8.400647777573851727e+00 8.600276062672897126e+00 9.999720525309596653e+00
1.325269831363208262e+01 8.400655866167831221e+00 8.600279538085588982e+00 9.999717006997808966e+00
1.336818567497181043e+01 8.400663952036428128e+00 8.600283013025510570e+00 9.999713489165978686e+00
1.348555118899280636e+01 8.400672035187307429e+00 8.600286487493708165e+00 9.999709971813537379e+00
1.360461644060621822e+01 8.400680115616768973e+00 8.600289961489417934e+00 9.999706454940778144e+00
1.372523030970306657e+01 8.400688193326416808e+00 8.600293435012723364e+00 9.999702938547596176e+00
1.384725932683959115e+01 8.400696268318164073e+00 8.600296908063755907e+00 9.999699422633852919e+00
1.397058646520213188e+01 8.400704340593932784e+00 8.600300380642647013e+00 9.999695907199416922e+00
1.409511022323028584e+01 8.400712410155644960e+00 8.600303852749531686e+00 9.999692392244154959e+00
1.422073997372569920e+01 8.400720477005187092e+00 8.600307324384537822e+00 9.999688877767933803e+00
1.434740547976110214e+01 8.400728541144284023e+00 8.600310795547764897e+00 9.999685363770636215e+00
1.445255673902766702e+01 8.400736602576285961e+00 8.600314266239575289e+00 9.999681850252018833e+00
1.453039319541130148e+01 8.400744661301731142e+00 8.600317736459881957e+00 9.999678337212051460e+00
1.459307093500376951e+01 8.400752717322303553e+00 8.600321206208779046e+00 9.999674824650620408e+00
1.464593455830110713e+01 8.400760770639919883e+00 8.600324675486405113e+00 9.999671312567588899e+00
1.469184894577255207e+01 8.400768821256487939e+00 8.600328144292888055e+00 9.999667800962827258e+00
1.473254526457868074e+01 8.400776869173894212e+00 8.600331612628359323e+00 9.999664289836200481e+00
1.476915825567232687e+01 8.400784914394012759e+00 8.600335080492943263e+00 9.999660779187577120e+00
1.480247589373616712e+01 8.400792956918701648e+00 8.600338547886767770e+00 9.999657269016831052e+00
1.483307062389832609e+01 8.400800996749815397e+00 8.600342014809958968e+00 9.999653759323830826e+00
1.486137251896320777e+01 8.400809033889197863e+00 8.600345481262635872e+00 9.999650250108444993e+00
1.488771387951222991e+01 8.400817068338694682e+00 8.600348947244929931e+00 9.999646741370547431e+00
1.491235741104144630e+01 8.400825100100140830e+00 8.600352412756956610e+00 9.999643233110006690e+00
1.493551463791222211e+01 8.400833129175371283e+00 8.600355877798840254e+00 9.999639725326694872e+00
1.495735874074427940e+01 8.400841155566212137e+00 8.600359342370706983e+00 9.999636218020484080e+00
1.497803295374377086e+01 8.400849179274491263e+00 8.600362806472674038e+00 9.999632711191248191e+00
1.499765813883180421e+01 8.400857200302029426e+00 8.600366270104863986e+00 9.999629204838857532e+00
1.501633694532495333e+01 8.400865218650647392e+00 8.600369733267401173e+00 9.999625698963182430e+00
1.503415725109690015e+01 8.400873234322165928e+00 8.600373195960404615e+00 9.999622193564098538e+00
1.505119434920689336e+01 8.400881247318379152e+00 8.600376658183993328e+00 9.999618688641476183e+00
1.506751450305233675e+01 8.400889257641106056e+00 8.600380119938289880e+00 9.999615184195189244e+00
1.508317556523224390e+01 8.400897265292151417e+00 8.600383581223413287e+00 9.999611680225111598e+00
1.509822853187600344e+01 8.400905270273321790e+00 8.600387042039482566e+00 9.999608176731115350e+00
1.511271845139214776e+01 8.400913272586414848e+00 8.600390502386622060e+00 9.999604673713070824e+00
1.512668528793661515e+01 8.400921272233219383e+00 8.600393962264945458e+00 9.999601171170855451e+00
1.514016514208640096e+01 8.400929269215515305e+00 8.600397421674571774e+00 9.999597669104341335e+00
1.515319035668918701e+01 8.400937263535096733e+00 8.600400880615621801e+00 9.999594167513402354e+00
1.516579012824884032e+01 8.400945255193754235e+00 8.600404339088211003e+00 9.999590666397914163e+00
1.517799088319560852e+01 8.400953244193273051e+00 8.600407797092461948e+00 9.999587165757748863e+00
1.518981662292859625e+01 8.400961230535436641e+00 8.600411254628490099e+00 9.999583665592778559e+00
1.520128912452879533e+01 8.400969214222007153e+00 8.600414711696412695e+00 9.999580165902882456e+00
1.521242821448992544e+01 8.400977195254714758e+00 8.600418168296341648e+00 9.999576666687934434e+00
1.522325217292070931e+01 8.400985173635248771e+00 8.600421624428381762e+00 9.999573167947819030e+00
1.523377800727305420e+01 8.400993149365579171e+00 8.600425080092678698e+00 9.999569669682390582e+00
1.524402123878003934e+01 8.401001122447491198e+00 8.600428535289355025e+00 9.999566171891524746e+00
1.525399620358179043e+01 8.401009092882786078e+00 8.600431990018535089e+00 9.999562674575095400e+00
1.526371617160914518e+01 8.401017060673275694e+00 8.600435444280341457e+00 9.999559177732971094e+00
1.527319345070448442e+01 8.401025025820780812e+00 8.600438898074902028e+00 9.999555681365020376e+00
1.528243947816947923e+01 8.401032988327141737e+00 8.600442351402346475e+00 9.999552185471118904e+00
1.529146490155591742e+01 8.401040948194202329e+00 8.600445804262806249e+00 9.999548690051126343e+00
1.530027966245415882e+01 8.401048905423879276e+00 8.600449256656423458e+00 9.999545195104911244e+00
1.530889302455966572e+01 8.401056860018007555e+00 8.600452708583329553e+00 9.999541700632336827e+00
1.531731366334997624e+01 8.401064811978468327e+00 8.600456160043661313e+00 9.999538206633273418e+00
1.532554970733810329e+01 8.401072761307148085e+00 8.600459611037557295e+00 9.999534713107582462e+00
1.533360878358811163e+01 8.401080708005938646e+00 8.600463061565157830e+00 9.999531220055128955e+00
1.534149805852321791e+01 8.401088652076730057e+00 8.600466511626603250e+00 9.999527727475776118e+00
1.534922427460576344e+01 8.401096593521417688e+00 8.600469961222035664e+00 9.999524235369387171e+00
1.535679378338869583e+01 8.401104532341891584e+00 8.600473410351593628e+00 9.999520743735827111e+00
1.536421257536926710e+01 8.401112468540041789e+00 8.600476859015419251e+00 9.999517252574959159e+00
1.537148630701626928e+01 8.401120402117747687e+00 8.600480307213651088e+00 9.999513761886646535e+00
1.537862032529180567e+01 8.401128333076886889e+00 8.600483754946433024e+00 9.999510271670756012e+00
1.538561968740137331e+01 8.401136261419329898e+00 8.600487202213898286e+00 9.999506781927149035e+00
1.539248918345778883e+01 8.401144187146941888e+00 8.600490649016187206e+00 9.999503292655692377e+00
1.539923335905871760e+01 8.401152110261564943e+00 8.600494095353433011e+00 9.999499803856254587e+00
1.540585652812229789e+01 8.401160030765039366e+00 8.600497541225772480e+00 9.999496315528698887e+00
1.541236278844317908e+01 8.401167948659189477e+00 8.600500986633335287e+00 9.999492827672897377e+00
1.541875603595135047e+01 8.401175863945837818e+00 8.600504431576254660e+00 9.999489340288715056e+00
1.542503997780280756e+01 8.401183776626789168e+00 8.600507876054660272e+00 9.999485853376024025e+00
1.543121814441474449e+01 8.401191686703844752e+00 8.600511320068680021e+00 9.999482366934691058e+00
1.543729390054550521e+01 8.401199594178798691e+00 8.600514763618445357e+00 9.999478880964590033e+00
1.544327045550903499e+01 8.401207499053434447e+00 8.600518206704078850e+00 9.999475395465585947e+00
1.544915087260402053e+01 8.401215401329530152e+00 8.600521649325708395e+00 9.999471910437556232e+00
1.545493807782962037e+01 8.401223301008860389e+00 8.600525091483460116e+00 9.999468425880367661e+00
1.546063486795218189e+01 8.401231198093187302e+00 8.600528533177458357e+00 9.999464941793895889e+00
1.546624391798087395e+01 8.401239092584274815e+00 8.600531974407825686e+00 9.999461458178011242e+00
1.547176778810408493e+01 8.401246984483876190e+00 8.600535415174684672e+00 9.999457975032584045e+00
1.547720893013342369e+01 8.401254873793744693e+00 8.600538855478163214e+00 9.999454492357491731e+00
1.548256969349730561e+01 8.401262760515626482e+00 8.600542295318380326e+00 9.999451010152604624e+00
1.548785233082208102e+01 8.401270644651265940e+00 8.600545734695458577e+00 9.999447528417796605e+00
1.549305900313486362e+01 8.401278526202402119e+00 8.600549173609520537e+00 9.999444047152939774e+00
1.549819178471897807e+01 8.401286405170772298e+00 8.600552612060685220e+00 9.999440566357909788e+00
1.550325267421236219e+01 8.401294281558314481e+00 8.600556050049110723e+00 9.999437086032562760e+00
1.550824357810333964e+01 8.401302155366524360e+00 8.600559487574878759e+00 9.999433606176790335e+00
1.551538162286915501e+01 8.401310026655412599e+00 8.600562924647705998e+00 9.999430126785837203e+00
1.552767236231435533e+01 8.401317895369555089e+00 8.600566361258307424e+00 9.999426647864115836e+00
1.554651418454657907e+01 8.401325761510380019e+00 8.600569797406755868e+00 9.999423169411523205e+00
1.557342610995194931e+01 8.401333625079605127e+00 8.600573233093172121e+00 9.999419691427936741e+00
1.560985069423347049e+01 8.401341486078976573e+00 8.600576668317682305e+00 9.999416213913223217e+00
1.565688512315434266e+01 8.401349344510235184e+00 8.600580103080407213e+00 9.999412736867261842e+00
1.571505400145908027e+01 8.401357200375084489e+00 8.600583537381471189e+00 9.999409260289921164e+00
1.578418621168701819e+01 8.401365053675286632e+00 8.600586971220996801e+00 9.999405784181076839e+00
1.586349127353986432e+01 8.401372904412584219e+00 8.600590404599113725e+00 9.999402308540597417e+00
1.595176272868417833e+01 8.401380752588712753e+00 8.600593837515940976e+00 9.999398833368360329e+00
1.604763400872084134e+01 8.401388598205413061e+00 8.600597269971611780e+00 9.999395358664232347e+00
1.614979408852179432e+01 8.401396441264433079e+00 8.600600701966243378e+00 9.999391884428087351e+00
1.625711726641688060e+01 8.401404281767510085e+00 8.600604133499970771e+00 9.999388410659797444e+00
1.636870811610524612e+01 8.401412119716395566e+00 8.600607564572916530e+00 9.999384937359232950e+00
1.648388783161456317e+01 8.401419955112825022e+00 8.600610995185204999e+00 9.999381464526265972e+00
1.660215076585476979e+01 8.401427787958537508e+00 8.600614425336967628e+00 9.999377992160768613e+00
1.672311439989225335e+01 8.401435618255270299e+00 8.600617855028326986e+00 9.999374520262612975e+00
1.684647552583507490e+01 8.401443446004751792e+00 8.600621284259410970e+00 9.999371048831672937e+00
1.697197845187963594e+01 8.401451271208712157e+00 8.600624713030343926e+00 9.999367577867817047e+00
1.709939559215080251e+01 8.401459093868604455e+00 8.600628141341205790e+00 9.999364107370940502e+00
1.722851900912029066e+01 8.401466913986421758e+00 8.600631569192167092e+00 9.999360637340895863e+00
1.735915747385444163e+01 8.401474731563896015e+00 8.600634996583352176e+00 9.999357167777555233e+00
1.749113648713274216e+01 8.401482546602739632e+00 8.600638423514887165e+00 9.999353698680788938e+00
1.762429712051505604e+01 8.401490359098280791e+00 8.600641849985834142e+00 9.999350230050985999e+00
1.775850928618639912e+01 8.401498169058566390e+00 8.600645275997369055e+00 9.999346761887510482e+00
1.789365699424572043e+01 8.401505976485328375e+00 8.600648701549623354e+00 9.999343294190230935e+00
1.802964129556697159e+01 8.401513781380383961e+00 8.600652126642735595e+00 9.999339826959014133e+00
1.816637774252047421e+01 8.401521583745498845e+00 8.600655551276840782e+00 9.999336360193726847e+00
1.826819048024605152e+01 8.401529383590652600e+00 8.600658975453443489e+00 9.999332893893578600e+00
1.833606437037104442e+01 8.401537180909052438e+00 8.600662399171250527e+00 9.999329428059123615e+00
1.838912081686216737e+01 8.401544975702268658e+00 8.600665822430364926e+00 9.999325962690248204e+00
1.843353489329869177e+01 8.401552767971947944e+00 8.600669245230902149e+00 9.999322497786829800e+00
1.847214433047543380e+01 8.401560557719783162e+00 8.600672667572982988e+00 9.999319033348740504e+00
1.850651393880665552e+01 8.401568344947481393e+00 8.600676089456735340e+00 9.999315569375855972e+00
1.853761238052140925e+01 8.401576129656747938e+00 8.600679510882281775e+00 9.999312105868046530e+00
1.856608914164706547e+01 8.401583911849296982e+00 8.600682931849751967e+00 9.999308642825184279e+00
1.859240506102487700e+01 8.401591691526824945e+00 8.600686352359268483e+00 9.999305180247144875e+00
1.861690137923706345e+01 8.401599468691030026e+00 8.600689772410957445e+00 9.999301718133798644e+00
1.863983937700151827e+01 8.401607243343590881e+00 8.600693192004943199e+00 9.999298256485021241e+00
1.866142435608154315e+01 8.401615015486179061e+00 8.600696611141342984e+00 9.999294795300686545e+00
1.868182115880508931e+01 8.401622785120467896e+00 8.600700029820277592e+00 9.999291334580670210e+00
1.870116450190451118e+01 8.401630552248116501e+00 8.600703448041871368e+00 9.999287874324849668e+00
1.871956582763780474e+01 8.401638316870778667e+00 8.600706865806238000e+00 9.999284414533098797e+00
1.873711921997226781e+01 8.401646078990109956e+00 8.600710283113501831e+00 9.999280955205293253e+00
1.875390457576913761e+01 8.401653838607760605e+00 8.600713699963780101e+00 9.999277496341310467e+00
1.876999044253079418e+01 8.401661595725379073e+00 8.600717116357186498e+00 9.999274037941027871e+00
1.878543578776262990e+01 8.401669350344601384e+00 8.600720532293841813e+00 9.999270580004322895e+00
1.880029224060388771e+01 8.401677102467063563e+00 8.600723947773865063e+00 9.999267122531067642e+00
1.881460533781286770e+01 8.401684852094412292e+00 8.600727362797371711e+00 9.999263665521146649e+00
1.882841517367030804e+01 8.401692599228283598e+00 8.600730777364480772e+00 9.999260208974428465e+00
1.884175739258850868e+01 8.401700343870315280e+00 8.600734191475311263e+00 9.999256752890795852e+00
1.885466380695511646e+01 8.401708086022145139e+00 8.600737605129976870e+00 9.999253297270124463e+00
1.886716260557689040e+01 8.401715825685402095e+00 8.600741018328598386e+00 9.999249842112289954e+00
1.887927952428818656e+01 8.401723562861729278e+00 8.600744431071296603e+00 9.999246387417169757e+00
1.889103785256012458e+01 8.401731297552773370e+00 8.600747843358188760e+00 9.999242933184637749e+00
1.890245877498742288e+01 8.401739029760172173e+00 8.600751255189393873e+00 9.999239479414571363e+00
1.891356149819432986e+01 8.401746759485593685e+00 8.600754666565038065e+00 9.999236026106846253e+00
1.892436360321465472e+01 8.401754486730705906e+00 8.600758077485245678e+00 9.999232573261332746e+00
1.893488119973894257e+01 8.401762211497183941e+00 8.600761487950142836e+00 9.999229120877908272e+00
1.894512909110269661e+01 8.401769933786713551e+00 8.600764897959855659e+00 9.999225668956441382e+00
1.895512091652595643e+01 8.401777653600989382e+00 8.600768307514517375e+00 9.999222217496804177e+00
1.896486927422115798e+01 8.401785370941711406e+00 8.600771716614257656e+00 9.999218766498868760e+00
1.897438582832743137e+01 8.401793085810586703e+00 8.600775125259207954e+00 9.999215315962501904e+00
1.898368133547145575e+01 8.401800798209293930e+00 8.600778533449496166e+00 9.999211865887582817e+00
1.899276586760225172e+01 8.401808508139538390e+00 8.600781941185257296e+00 9.999208416273972944e+00
1.900164881914674808e+01 8.401816215603030713e+00 8.600785348466622793e+00 9.999204967121547938e+00
1.901033895546965624e+01 8.401823920601470874e+00 8.600788755293725885e+00 9.999201518430174573e+00
1.901884446931467565e+01 8.401831623136553517e+00 8.600792161666698021e+00 9.999198070199726729e+00
1.902717303097844237e+01 8.401839323209960853e+00 8.600795567585670653e+00 9.999194622430074730e+00
1.903533177438804103e+01 8.401847020823243639e+00 8.600798973050748586e+00 9.999191175121097785e+00
1.904332752159258746e+01 8.401854715978197774e+00 8.600802378062081033e+00 9.999187728272662667e+00
1.905116662373177050e+01 8.401862408676485927e+00 8.600805782619801221e+00 9.999184281884639702e+00
1.905885506249528305e+01 8.401870098919744123e+00 8.600809186724024613e+00 9.999180835956904545e+00
1.906639847889463368e+01 8.401877786709611939e+00 8.600812590374877331e+00 9.999177390489331074e+00
1.907380219922840325e+01 8.401885472047714742e+00 8.600815993572481943e+00 9.999173945481796721e+00
1.908107125856554731e+01 8.401893154935679675e+00 8.600819396316961019e+00 9.999170500934175365e+00
1.908821042202812279e+01 8.401900835375117893e+00 8.600822798608430020e+00 9.999167056846346213e+00
1.909522420411958166e+01 8.401908513367644105e+00 8.600826200447015069e+00 9.999163613218181368e+00
1.910211688631374827e+01 8.401916188914862360e+00 8.600829601832829852e+00 9.999160170049561813e+00
1.910889253309278146e+01 8.401923862018376710e+00 8.600833002765998714e+00 9.999156727340363204e+00
1.911555500659887841e+01 8.401931532679784098e+00 8.600836403246635342e+00 9.999153285090462973e+00
1.912210798004421974e+01 8.401939200900683247e+00 8.600839803274858753e+00 9.999149843299738549e+00
1.912855495000596306e+01 8.401946866682665771e+00 8.600843202850787961e+00 9.999146401968069142e+00
1.913489924771813122e+01 8.401954530027321510e+00 8.600846601974541983e+00 9.999142961095330406e+00
1.914114404945862802e+01 8.401962190936243857e+00 8.600850000646236282e+00 9.999139520681401549e+00
1.914729238611886686e+01 8.401969849411015545e+00 8.600853398865988098e+00 9.999136080726158227e+00
1.915334715203306715e+01 8.401977505453222861e+00 8.600856796633916446e+00 9.999132641229481422e+00
1.915931111313605228e+01 8.401985159064448538e+00 8.600860193950135013e+00 9.999129202191248567e+00
1.916923571951404170e+01 8.401992810270973777e+00 8.600863590818986992e+00 9.999125763609297834e+00
1.918814505124804981e+01 8.402000459050560366e+00 8.600866987236518213e+00 9.999122325485474860e+00
1.921765025341224487e+01 8.402008105404430438e+00 8.600870383202783742e+00 9.999118887819683721e+00
1.925926512747280483e+01 8.402015749334177386e+00 8.600873778717907925e+00 9.999115450611805400e+00
1.931399333281828845e+01 8.402023390841394601e+00 8.600877173782008001e+00 9.999112013861715553e+00
1.938199893714829258e+01 8.402031029927668371e+00 8.600880568395202985e+00 9.999108577569289835e+00
1.946251761972163763e+01 8.402038666594560112e+00 8.600883962557613671e+00 9.999105141734407454e+00
1.955402361443989179e+01 8.402046300843679205e+00 8.600887356269355521e+00 9.999101706356944064e+00
1.965463794780573537e+01 8.402053932676611936e+00 8.600890749530554658e+00 9.999098271436778873e+00
1.976250846338240663e+01 8.402061562094955249e+00 8.600894142341328319e+00 9.999094836973785760e+00
1.987606509503535079e+01 8.402069189100307867e+00 8.600897534701802627e+00 9.999091402967842157e+00
1.999411056562111355e+01 8.402076813694261403e+00 8.600900926612096598e+00 9.999087969418823718e+00
2.011578810494618352e+01 8.402084435878443003e+00 8.600904318072338128e+00 9.999084536326604322e+00
2.024050329384531111e+01 8.402092055654229341e+00 8.600907709082612485e+00 9.999081103691079164e+00
2.036782221951219540e+01 8.402099673023391446e+00 8.600911099643074209e+00 9.999077671512106136e+00
2.049740329033992836e+01 8.402107287987510276e+00 8.600914489753840542e+00 9.999074239789566221e+00
2.062895468752717676e+01 8.402114900548159682e+00 8.600917879415035827e+00 9.999070808523333298e+00
2.076221524445784894e+01 8.402122510703192049e+00 8.600921268626137817e+00 9.999067377713595661e+00
2.089695108172594118e+01 8.402130118457812102e+00 8.600924657387889027e+00 9.999063947359928761e+00
2.103295753489444309e+01 8.402137723813602577e+00 8.600928045700413804e+00 9.999060517462208253e+00
2.117006008985348942e+01 8.402145326772137324e+00 8.600931433563829387e+00 9.999057088020313344e+00
2.130811305593086402e+01 8.402152927335002630e+00 8.600934820978263673e+00 9.999053659034119690e+00
2.144699573033917517e+01 8.402160525503804323e+00 8.600938207943837455e+00 9.999050230503499392e+00
2.158660748563363896e+01 8.402168121280119806e+00 8.600941594460675077e+00 9.999046802428331659e+00
2.172686290806552378e+01 8.402175714665515827e+00 8.600944980528899109e+00 9.999043374808490370e+00
2.186768801569768428e+01 8.402183305661566237e+00 8.600948366148625013e+00 9.999039947643856507e+00
2.200901768063509678e+01 8.402190894269832455e+00 8.600951751319978911e+00 9.999036520934305727e+00
2.215079411167569745e+01 8.402198480491890109e+00 8.600955136043079818e+00 9.999033094679715461e+00
2.223907660233659911e+01 8.402206064335118185e+00 8.600958520319053946e+00 9.999029668879474642e+00
2.229327151324159217e+01 8.402213645795228558e+00 8.600961904147011339e+00 9.999026243533952751e+00
2.233602025590298013e+01 8.402221224873688499e+00 8.600965287527056802e+00 9.999022818643030774e+00
2.237226558022936374e+01 8.402228801571999028e+00 8.600968670459296916e+00 9.999019394206595024e+00
2.240411252971998124e+01 8.402236375891671827e+00 8.600972052943848922e+00 9.999015970224524708e+00
2.243271417778879950e+01 8.402243947834239890e+00 8.600975434980826506e+00 9.999012546696700809e+00
2.245878996310593223e+01 8.402251517401246872e+00 8.600978816570346908e+00 9.999009123622998985e+00
2.248282630351631894e+01 8.402259084594243532e+00 8.600982197712534472e+00 9.999005701003301994e+00
2.250517119844820613e+01 8.402266649414784183e+00 8.600985578407502885e+00 9.999002278837485491e+00
2.252608392205767274e+01 8.402274211864424913e+00 8.600988958655378269e+00 9.998998857125425133e+00
2.254576402209595898e+01 8.402281771944714706e+00 8.600992338456279640e+00 9.998995435866998349e+00
2.256436904446561442e+01 8.402289329657198991e+00 8.600995717810326013e+00 9.998992015062084349e+00
2.258202594960975063e+01 8.402296885003419646e+00 8.600999096717638182e+00 9.998988594710562339e+00
2.259883888591661005e+01 8.402304437984906116e+00 8.601002475178331608e+00 9.998985174812309751e+00
2.261489448904247013e+01 8.402311988603191395e+00 8.601005853192525308e+00 9.998981755367205793e+00
2.263026563277805181e+01 8.402319536859788940e+00 8.601009230760336521e+00 9.998978336375131448e+00
2.264501470909588932e+01 8.402327082756229970e+00 8.601012607881877159e+00 9.998974917835965925e+00
2.265919533186100310e+01 8.402334626294022613e+00 8.601015984557269789e+00 9.998971499749588432e+00
2.267285403142995293e+01 8.402342167474687429e+00 8.601019360786628098e+00 9.998968082115879952e+00
2.268603133101461466e+01 8.402349706299730769e+00 8.601022736570062222e+00 9.998964664934719693e+00
2.269876286206563520e+01 8.402357242770658985e+00 8.601026111907694727e+00 9.998961248205990415e+00
2.271108041114526088e+01 8.402364776888981979e+00 8.601029486799637525e+00 9.998957831929569551e+00
2.272301221284821793e+01 8.402372308656213207e+00 8.601032861246006078e+00 9.998954416105338083e+00
2.273458355187866786e+01 8.402379838073867901e+00 8.601036235246919404e+00 9.998951000733176997e+00
2.274581715488380951e+01 8.402387365143466624e+00 8.601039608802494740e+00 9.998947585812963723e+00
2.275673353540742383e+01 8.402394889866526384e+00 8.601042981912849328e+00 9.998944171344579246e+00
2.276735117471373471e+01 8.402402412244578400e+00 8.601046354578103958e+00 9.998940757327899220e+00
2.277768690291528131e+01 8.402409932279152116e+00 8.601049726798381201e+00 9.998937343762802854e+00
2.278775619308066069e+01 8.402417449971789409e+00 8.601053098573800071e+00 9.998933930649167579e+00
2.279757321400568770e+01 8.402424965324041040e+00 8.601056469904488466e+00 9.998930517986869049e+00
2.280715097681836312e+01 8.402432478337463095e+00 8.601059840790568956e+00 9.998927105775782920e+00
2.281650148892995844e+01 8.402439989013599231e+00 8.601063211232167660e+00 9.998923694015786623e+00
2.282563578100131352e+01 8.402447497354017969e+00 8.601066581229410701e+00 9.998920282706754037e+00
2.283456408452760655e+01 8.402455003360277175e+00 8.601069950782425977e+00 9.998916871848559040e+00
2.284329588894465601e+01 8.402462507033929384e+00 8.601073319891341384e+00 9.998913461441079065e+00
2.285184001425479039e+01 8.402470008376521804e+00 8.601076688556279493e+00 9.998910051484189765e+00
2.286020467470071083e+01 8.402477507389596312e+00 8.601080056777362870e+00 9.998906641977768572e+00
2.286839753480846227e+01 8.402485004074684127e+00 8.601083424554717638e+00 9.998903232921691142e+00
2.287642575890429697e+01 8.402492498433309365e+00 8.601086791888466365e+00 9.998899824315833129e+00
2.288429605502731334e+01 8.402499990466992585e+00 8.601090158778724515e+00 9.998896416160077294e+00
2.289201471400810917e+01 8.402507480177238364e+00 8.601093525225614655e+00 9.998893008454299292e+00
2.289958764435840166e+01 8.402514967565547721e+00 8.601096891229257579e+00 9.998889601198381882e+00
2.290702040351450464e+01 8.402522452633423455e+00 8.601100256789768750e+00 9.998886194392200721e+00
2.291431822589384026e+01 8.402529935382350601e+00 8.601103621907265406e+00 9.998882788035640345e+00
2.292148604815512414e+01 8.402537415813817745e+00 8.601106986581859459e+00 9.998879382128576410e+00
2.292852853199611474e+01 8.402544893929309922e+00 8.601110350813671701e+00 9.998875976670893451e+00
2.293545008477568459e+01 8.402552369730305060e+00 8.601113714602814042e+00 9.998872571662472453e+00
2.294225487820734344e+01 8.402559843218281088e+00 8.601117077949405498e+00 9.998869167103192623e+00
2.294894686533851313e+01 8.402567314394714160e+00 8.601120440853557980e+00 9.998865762992936723e+00
2.295552979600163113e+01 8.402574783261080427e+00 8.601123803315386951e+00 9.998862359331585736e+00
2.296200723089965834e+01 8.402582249818848936e+00 8.601127165335007874e+00 9.998858956119022423e+00
2.296838255446850141e+01 8.402589714069494065e+00 8.601130526912530883e+00 9.998855553355125991e+00
2.297465898664172101e+01 8.402597176014484859e+00 8.601133888048074994e+00 9.998852151039780978e+00
2.298083959362810447e+01 8.402604635655292142e+00 8.601137248741752117e+00 9.998848749172866590e+00
2.298692729780016464e+01 8.402612092993386739e+00 8.601140608993677716e+00 9.998845347754265589e+00
2.299292488678044322e+01 8.402619548030234142e+00 8.601143968803961926e+00 9.998841946783860735e+00
2.299883502180295025e+01 8.402627000767308729e+00 8.601147328172725537e+00 9.998838546261533011e+00
2.300466022918581643e+01 8.402634451206061783e+00 8.601150687100075132e+00 9.998835146187165179e+00
