43273.2247222222,+26.2,+12.5,+9.6,+10.7
43273.2254166667,+26.2,+12.5,+9.6,+10.7
43273.2261111111,+26.3,+12.5,+9.6,+10.7
43273.2268055556,+26.2,+12.5,+9.6,+10.7
43273.2275,+26.2,+12.5,+9.6,+10.7
43273.2281944444,+26.2,+12.5,+9.6,+10.7
43273.2288888889,+26.2,+12.5,+9.6,+10.7
43273.2295833333,+26.2,+12.5,+9.6,+10.7
43273.2302777778,+26.2,+12.5,+9.6,+10.7
43273.2309722222,+26.2,+12.5,+9.6,+10.7
43273.2316666667,+26.2,+12.5,+9.6,+10.7
43273.2323611111,+26.2,+12.5,+9.6,+10.7
43273.2330555556,+26.2,+12.5,+9.6,+10.7
43273.23375,+26.2,+12.5,+9.6,+10.7
43273.2344444444,+26.2,+12.5,+9.6,+10.7
43273.2351388889,+26.2,+12.5,+9.6,+10.7
43273.2358333333,+26.2,+12.5,+9.6,+10.7
43273.2365277778,+26.2,+12.5,+9.6,+10.7
43273.2372222222,+26.2,+12.5,+9.6,+10.7
43273.2379166667,+26.2,+12.5,+9.6,+10.7
43273.2386111111,+26.2,+12.5,+9.6,+10.7
43273.2393055556,+26.2,+12.5,+9.6,+10.7
43273.24,+26.2,+12.5,+9.6,+10.7
43273.2406944444,+26.2,+12.5,+9.6,+10.7
43273.2413888889,+26.2,+12.5,+9.6,+10.7
43273.2420833333,+26.2,+12.5,+9.6,+10.7
43273.2427777778,+26.2,+12.5,+9.6,+10.7
43273.2434722222,+26.2,+12.5,+9.6,+10.7
43273.2441666667,+26.2,+12.5,+9.6,+10.7
43273.2448611111,+26.2,+12.5,+9.6,+10.7
43273.2455555556,+26.2,+12.5,+9.6,+10.7
43273.24625,+26.2,+12.5,+9.6,+10.7
43273.2469444444,+26.2,+12.5,+9.6,+10.7
43273.2476388889,+26.2,+12.5,+9.6,+10.7
43273.2483333333,+26.2,+12.5,+9.6,+10.7
43273.2490277778,+26.2,+12.5,+9.6,+10.7
43273.2497222222,+26.2,+12.5,+9.6,+10.7
43273.2504166667,+26.2,+12.5,+9.7,+10.7
43273.2511111111,+26.2,+12.5,+9.6,+10.7
43273.2518055556,+26.2,+12.5,+9.6,+10.7
43273.2525,+26.2,+12.5,+9.6,+10.7
43273.2531944444,+26.2,+12.5,+9.6,+10.7
43273.2538888889,+26.2,+12.5,+9.6,+10.7
43273.2545833333,+26.2,+12.5,+9.6,+10.7
43273.2552777778,+26.2,+12.5,+9.6,+10.7
43273.2559722222,+26.2,+12.5,+9.6,+10.7
43273.2566666667,+26.2,+12.5,+9.7,+10.7
43273.2573611111,+26.2,+12.5,+9.6,+10.7
43273.2580555556,+26.2,+12.5,+9.7,+10.7
43273.25875,+26.2,+12.5,+9.7,+10.7
43273.2594444444,+26.2,+12.5,+9.6,+10.7
43273.2601388889,+26.2,+12.5,+9.6,+10.7
43273.2608333333,+26.2,+12.5,+9.7,+10.7
43273.2615277778,+26.2,+12.5,+9.7,+10.7
43273.2622222222,+26.2,+12.5,+9.7,+10.7
43273.2629166667,+26.2,+12.5,+9.6,+10.7
43273.2636111111,+26.2,+12.6,+9.7,+10.7
43273.2643055556,+26.2,+12.6,+9.7,+10.7
43273.265,+26.2,+12.6,+9.7,+10.8
43273.2656944444,+26.2,+12.5,+9.7,+10.7
43273.2663888889,+26.2,+12.5,+9.7,+10.7
43273.2670833333,+26.2,+12.5,+9.7,+10.8
43273.2677777778,+26.2,+12.5,+9.7,+10.7
43273.2684722222,+26.2,+12.6,+9.7,+10.8
43273.2691666667,+26.2,+12.6,+9.7,+10.7
43273.2698611111,+26.2,+12.6,+9.7,+10.7
43273.2705555556,+26.2,+12.6,+9.7,+10.7
43273.27125,+26.2,+12.6,+9.7,+10.8
43273.2719444444,+26.2,+12.6,+9.7,+10.8
43273.2726388889,+26.2,+12.6,+9.7,+10.8
43273.2733333333,+26.2,+12.6,+9.7,+10.8
43273.2740277778,+26.2,+12.5,+9.7,+10.8
43273.2747222222,+26.2,+12.6,+9.7,+10.8
43273.2754166667,+26.2,+12.6,+9.7,+10.8
43273.2761111111,+26.2,+12.6,+9.7,+10.8
43273.2768055556,+26.2,+12.6,+9.7,+10.8
43273.2775,+26.2,+12.6,+9.7,+10.8
43273.2781944444,+26.2,+12.6,+9.7,+10.8
43273.2788888889,+26.2,+12.6,+9.7,+10.8
43273.2795833333,+26.2,+12.6,+9.7,+10.8
43273.2802777778,+26.2,+12.6,+9.7,+10.8
43273.2809722222,+26.2,+12.6,+9.7,+10.8
43273.2816666667,+26.2,+12.6,+9.7,+10.8
43273.2823611111,+26.2,+12.6,+9.7,+10.8
43273.2830555556,+26.2,+12.6,+9.7,+10.8
43273.28375,+26.2,+12.6,+9.7,+10.8
43273.2844444444,+26.2,+12.6,+9.7,+10.8
43273.2851388889,+26.2,+12.6,+9.7,+10.8
43273.2858333333,+26.2,+12.6,+9.7,+10.8
43273.2865277778,+26.2,+12.6,+9.7,+10.8
43273.2872222222,+26.2,+12.6,+9.7,+10.8
43273.2879166667,+26.2,+12.6,+9.7,+10.8
43273.2886111111,+26.2,+12.6,+9.7,+10.8
43273.2893055556,+26.2,+12.6,+9.7,+10.8
43273.29,+26.1,+12.5,+9.7,+10.7
43273.2906944444,+26.2,+12.6,+9.7,+10.8
43273.2913888889,+26.2,+12.6,+9.7,+10.8
43273.2920833333,+26.2,+12.6,+9.7,+10.8
43273.2927777778,+26.2,+12.6,+9.7,+10.8
43273.2934722222,+26.2,+12.6,+9.7,+10.8
43273.2941666667,+26.2,+12.6,+9.7,+10.8
43273.2948611111,+26.2,+12.7,+9.7,+10.8
43273.2955555556,+26.2,+12.6,+9.7,+10.8
43273.29625,+26.2,+12.6,+9.7,+10.8
43273.2969444444,+26.2,+12.6,+9.7,+10.8
43273.2976388889,+26.2,+12.7,+9.7,+10.8
43273.2983333333,+26.2,+12.6,+9.7,+10.8
43273.2990277778,+26.2,+12.7,+9.7,+10.8
43273.2997222222,+26.2,+12.7,+9.7,+10.8
43273.3004166667,+26.2,+12.7,+9.7,+10.8
43273.3011111111,+26.2,+12.7,+9.7,+10.8
43273.3018055556,+26.2,+12.7,+9.7,+10.8
43273.3025,+26.2,+12.7,+9.7,+10.8
43273.3031944444,+26.2,+12.7,+9.7,+10.8
43273.3038888889,+26.2,+12.7,+9.7,+10.8
43273.3045833333,+26.2,+12.7,+9.7,+10.8
43273.3052777778,+26.2,+12.7,+9.7,+10.8
43273.3059722222,+26.2,+12.7,+9.7,+10.8
43273.3066666667,+26.2,+12.7,+9.7,+10.8
43273.3073611111,+26.2,+12.7,+9.7,+10.8
43273.3080555556,+26.2,+12.7,+9.7,+10.8
43273.30875,+26.2,+12.7,+9.7,+10.8
43273.3094444444,+26.2,+12.7,+9.7,+10.8
43273.3101388889,+26.2,+12.7,+9.7,+10.8
43273.3108333333,+26.2,+12.7,+9.7,+10.8
43273.3115277778,+26.2,+12.7,+9.7,+10.8
43273.3122222222,+26.2,+12.7,+9.7,+10.8
43273.3129166667,+26.2,+12.7,+9.7,+10.8
43273.3136111111,+26.2,+12.7,+9.7,+10.8
43273.3143055556,+26.2,+12.7,+9.7,+10.8
43273.315,+26.2,+12.7,+9.7,+10.8
43273.3156944444,+26.2,+12.7,+9.7,+10.8
43273.3163888889,+26.2,+12.7,+9.7,+10.8
43273.3170833333,+26.2,+12.7,+9.7,+10.8
43273.3177777778,+26.2,+12.7,+9.7,+10.8
43273.3184722222,+26.2,+12.7,+9.7,+10.8
43273.3191666667,+26.2,+12.7,+9.7,+10.8
43273.3198611111,+26.2,+12.7,+9.7,+10.8
43273.3205555556,+26.2,+12.7,+9.7,+10.8
43273.32125,+26.2,+12.7,+9.7,+10.8
43273.3219444444,+26.2,+12.7,+9.7,+10.8
43273.3226388889,+26.2,+12.7,+9.7,+10.8
43273.3233333333,+26.2,+12.7,+9.7,+10.8
43273.3240277778,+26.2,+12.7,+9.7,+10.8
43273.3247222222,+26.2,+12.7,+9.8,+10.8
43273.3254166667,+26.2,+12.7,+9.7,+10.8
43273.3261111111,+26.2,+12.7,+9.8,+10.8
43273.3268055556,+26.2,+12.7,+9.7,+10.8
43273.3275,+26.2,+12.7,+9.7,+10.8
43273.3281944444,+26.2,+12.7,+9.7,+10.8
43273.3288888889,+26.2,+12.7,+9.7,+10.8
43273.3295833333,+26.2,+12.7,+9.7,+10.8
43273.3302777778,+26.2,+12.7,+9.7,+10.8
43273.3309722222,+26.2,+12.7,+9.7,+10.8
43273.3316666667,+26.2,+12.8,+9.7,+10.8
43273.3323611111,+26.2,+12.7,+9.7,+10.8
43273.3330555556,+26.2,+12.8,+9.7,+10.8
43273.33375,+26.2,+12.8,+9.7,+10.8
43273.3344444444,+26.2,+12.8,+9.7,+10.8
43273.3351388889,+26.2,+12.8,+9.8,+10.8
43273.3358333333,+26.2,+12.8,+9.8,+10.8
43273.3365277778,+26.2,+12.8,+9.8,+10.8
43273.3372222222,+26.2,+12.8,+9.8,+10.8
43273.3379166667,+26.2,+12.8,+9.7,+10.8
43273.3386111111,+26.2,+12.8,+9.7,+10.8
43273.3393055556,+26.2,+12.8,+9.8,+10.8
43273.34,+26.2,+12.8,+9.8,+10.8
43273.3406944444,+26.2,+12.8,+9.8,+10.8
43273.3413888889,+26.2,+12.8,+9.7,+10.8
43273.3420833333,+26.2,+12.8,+9.7,+10.8
43273.3427777778,+26.2,+12.7,+9.7,+10.8
43273.3434722222,+26.2,+12.8,+9.8,+10.8
43273.3441666667,+26.2,+12.8,+9.8,+10.8
43273.3448611111,+26.2,+12.8,+9.8,+10.8
43273.3455555556,+26.2,+12.8,+9.8,+10.8
43273.34625,+26.2,+12.8,+9.8,+10.8
43273.3469444444,+26.2,+12.8,+9.8,+10.8
43273.3476388889,+26.2,+12.8,+9.8,+10.8
43273.3483333333,+26.2,+12.8,+9.8,+10.8
43273.3490277778,+26.2,+12.8,+9.8,+10.8
43273.3497222222,+26.2,+12.8,+9.8,+10.8
43273.3504166667,+26.2,+12.8,+9.8,+10.8
43273.3511111111,+26.2,+12.8,+9.8,+10.8
43273.3518055556,+26.2,+12.8,+9.8,+10.8
43273.3525,+26.2,+12.8,+9.8,+10.8
43273.3531944444,+26.2,+12.8,+9.8,+10.8
43273.3538888889,+26.2,+12.8,+9.8,+10.8
43273.3545833333,+26.2,+12.8,+9.8,+10.8
43273.3552777778,+26.2,+12.8,+9.8,+10.8
43273.3559722222,+26.2,+12.8,+9.8,+10.8
43273.3566666667,+26.2,+12.8,+9.8,+10.8
43273.3573611111,+26.2,+12.8,+9.8,+10.8
43273.3580555556,+26.2,+12.8,+9.8,+10.8
43273.35875,+26.2,+12.8,+9.8,+10.8
43273.3594444444,+26.2,+12.8,+9.8,+10.8
43273.3601388889,+26.2,+12.8,+9.8,+10.8
43273.3608333333,+26.2,+12.8,+9.8,+10.8
43273.3615277778,+26.2,+12.8,+9.8,+10.8
43273.3622222222,+26.2,+12.8,+9.8,+10.8
43273.3629166667,+26.2,+12.8,+9.8,+10.8
43273.3636111111,+26.2,+12.8,+9.8,+10.8
43273.3643055556,+26.2,+12.8,+9.8,+10.8
43273.365,+26.2,+12.8,+9.8,+10.8
43273.3656944444,+26.2,+12.8,+9.8,+10.8
43273.3663888889,+26.2,+12.9,+9.8,+10.8
43273.3670833333,+26.2,+12.8,+9.8,+10.8
43273.3677777778,+26.2,+12.9,+9.8,+10.8
43273.3684722222,+26.2,+12.9,+9.8,+10.8
43273.3691666667,+26.2,+12.9,+9.8,+10.8
43273.3698611111,+26.2,+12.9,+9.8,+10.8
43273.3705555556,+26.2,+12.9,+9.8,+10.8
43273.37125,+26.2,+12.9,+9.8,+10.8
43273.3719444444,+26.2,+12.9,+9.8,+10.8
43273.3726388889,+26.2,+12.9,+9.8,+10.8
43273.3733333333,+26.2,+12.9,+9.8,+10.8
43273.3740277778,+26.2,+12.9,+9.8,+10.8
43273.3747222222,+26.2,+12.9,+9.8,+10.8
43273.3754166667,+26.1,+12.8,+9.8,+10.8
43273.3761111111,+26.2,+12.9,+9.8,+10.8
43273.3768055556,+26.2,+12.9,+9.8,+11.0
43273.3775,+26.2,+12.9,+9.8,+11.0
43273.3781944444,+26.2,+12.9,+9.8,+10.8
43273.3788888889,+26.2,+12.9,+9.8,+10.8
43273.3795833333,+26.2,+12.9,+9.8,+10.8
43273.3802777778,+26.2,+12.9,+9.8,+11.0
43273.3809722222,+26.2,+12.8,+9.8,+11.0
43273.3816666667,+26.2,+12.9,+9.8,+11.0
43273.3823611111,+26.2,+12.9,+9.8,+11.0
43273.3830555556,+26.1,+12.9,+9.8,+10.8
43273.38375,+26.1,+12.9,+9.8,+10.8
43273.3844444444,+26.2,+12.9,+9.8,+11.0
43273.3851388889,+26.2,+12.9,+9.8,+10.8
43273.3858333333,+26.1,+12.9,+9.8,+10.8
43273.3865277778,+26.1,+12.9,+9.8,+11.0
43273.3872222222,+26.1,+12.9,+9.8,+10.8
43273.3879166667,+26.1,+12.9,+9.8,+10.8
43273.3886111111,+26.2,+12.9,+9.8,+10.8
43273.3893055556,+26.1,+12.9,+9.8,+11.0
43273.39,+26.1,+12.9,+9.8,+10.8
43273.3906944444,+26.1,+12.9,+9.8,+10.8
43273.3913888889,+26.1,+12.9,+9.8,+10.8
43273.3920833333,+26.1,+12.9,+9.8,+10.8
43273.3927777778,+26.1,+12.9,+9.8,+11.0
43273.3934722222,+26.1,+12.9,+9.8,+10.8
43273.3941666667,+26.1,+12.9,+9.8,+11.0
43273.3948611111,+26.1,+12.9,+9.8,+11.0
43273.3955555556,+26.1,+12.9,+9.8,+11.0
43273.39625,+26.1,+12.9,+9.8,+11.0
43273.3969444444,+26.1,+12.9,+9.8,+10.8
43273.3976388889,+26.1,+12.9,+9.8,+10.8
43273.3983333333,+26.1,+12.9,+9.8,+11.0
43273.3990277778,+26.1,+12.9,+9.8,+11.0
43273.3997222222,+26.1,+12.9,+9.8,+11.0
43273.4004166667,+26.1,+12.9,+9.8,+11.0
43273.4011111111,+26.1,+12.9,+9.8,+11.0
43273.4018055556,+26.1,+12.9,+9.8,+11.0
43273.4025,+26.1,+13.0,+9.8,+11.0
43273.4031944444,+26.1,+12.9,+9.8,+11.0
43273.4038888889,+26.1,+13.0,+9.8,+11.0
43273.4045833333,+26.1,+13.0,+9.8,+11.0
43273.4052777778,+26.1,+12.9,+9.8,+11.0
43273.4059722222,+26.1,+13.0,+9.8,+11.0
43273.4066666667,+26.1,+12.9,+9.8,+11.0
43273.4073611111,+26.1,+13.0,+9.8,+11.0
43273.4080555556,+26.1,+13.0,+9.8,+11.0
43273.40875,+26.1,+13.0,+9.8,+11.0
43273.4094444444,+26.1,+12.9,+9.8,+11.0
43273.4101388889,+26.1,+13.0,+9.8,+11.0
43273.4108333333,+26.1,+13.0,+9.8,+11.0
43273.4115277778,+26.1,+13.0,+9.8,+11.0
43273.4122222222,+26.1,+13.0,+9.8,+11.0
43273.4129166667,+26.1,+13.0,+9.8,+11.0
43273.4136111111,+26.1,+13.0,+9.8,+11.0
43273.4143055556,+26.1,+13.0,+9.8,+11.0
43273.415,+26.1,+13.0,+9.8,+11.0
43273.4156944444,+26.1,+12.9,+10.0,+11.0
43273.4163888889,+26.1,+13.0,+10.0,+11.0
43273.4170833333,+26.1,+12.9,+10.0,+11.0
43273.4177777778,+26.1,+13.0,+9.8,+11.0
43273.4184722222,+26.1,+13.0,+9.8,+11.0
43273.4191666667,+26.1,+13.0,+9.8,+11.0
43273.4198611111,+26.1,+13.0,+10.0,+11.0
43273.4205555556,+26.1,+13.0,+9.8,+11.0
43273.42125,+26.1,+13.0,+9.8,+11.0
43273.4219444444,+26.1,+13.0,+10.0,+11.0
43273.4226388889,+26.1,+13.0,+9.8,+11.0
43273.4233333333,+26.1,+13.0,+9.8,+11.0
43273.4240277778,+26.1,+13.0,+9.8,+11.0
43273.4247222222,+26.1,+13.0,+10.0,+11.0
43273.4254166667,+26.1,+13.0,+10.0,+11.0
43273.4261111111,+26.1,+13.0,+10.0,+11.0
43273.4268055556,+26.1,+13.0,+10.0,+11.0
43273.4275,+26.1,+13.0,+10.0,+11.0
43273.4281944444,+26.1,+13.0,+9.8,+11.0
43273.4288888889,+26.1,+13.0,+10.0,+11.0
43273.4295833333,+26.1,+13.0,+10.0,+11.0
43273.4302777778,+26.1,+13.0,+10.0,+11.0
43273.4309722222,+26.1,+13.0,+10.0,+11.0
43273.4316666667,+26.1,+13.0,+10.0,+11.0
43273.4323611111,+26.1,+13.0,+10.0,+11.0
43273.4330555556,+26.1,+13.0,+10.0,+11.0
43273.43375,+26.1,+13.0,+10.0,+11.0
43273.4344444444,+26.1,+13.0,+10.0,+11.0
43273.4351388889,+26.1,+13.0,+10.0,+11.0
43273.4358333333,+26.1,+13.0,+10.0,+11.0
43273.4365277778,+26.1,+13.0,+10.0,+11.0
43273.4372222222,+26.1,+13.0,+10.0,+11.0
43273.4379166667,+26.1,+13.0,+9.8,+10.8
43273.4386111111,+26.1,+13.0,+10.0,+11.0
43273.4393055556,+26.1,+13.0,+10.0,+11.0
43273.44,+26.1,+13.0,+10.0,+11.0
43273.4406944444,+26.1,+13.0,+10.0,+11.0
43273.4413888889,+26.1,+13.0,+10.0,+11.0
43273.4420833333,+26.1,+13.0,+10.0,+11.0
43273.4427777778,+26.1,+13.0,+10.0,+11.0
43273.4434722222,+26.1,+13.1,+10.0,+11.0
43273.4441666667,+26.1,+13.1,+10.0,+11.0
43273.4448611111,+26.1,+13.0,+10.0,+11.0
43273.4455555556,+26.1,+13.1,+10.0,+11.0
43273.44625,+26.1,+13.1,+10.0,+11.0
43273.4469444444,+26.1,+13.1,+10.0,+11.0
43273.4476388889,+26.1,+13.1,+10.0,+11.0
43273.4483333333,+26.1,+13.1,+10.0,+11.0
43273.4490277778,+26.1,+13.1,+10.0,+11.0
43273.4497222222,+26.1,+13.1,+10.0,+11.0
43273.4504166667,+26.1,+13.1,+10.0,+11.0
43273.4511111111,+26.1,+13.1,+10.0,+11.0
43273.4518055556,+26.1,+13.1,+10.0,+11.0
43273.4525,+26.1,+13.1,+10.0,+11.0
43273.4531944444,+26.1,+13.1,+10.0,+11.0
43273.4538888889,+26.1,+13.1,+10.0,+11.0
43273.4545833333,+26.1,+13.1,+10.0,+11.0
43273.4552777778,+26.1,+13.1,+10.0,+11.0
43273.4559722222,+26.1,+13.1,+10.0,+11.0
43273.4566666667,+26.1,+13.1,+10.0,+11.0
43273.4573611111,+26.1,+13.1,+10.0,+11.0
43273.4580555556,+26.1,+13.1,+10.0,+11.0
43273.45875,+26.1,+13.1,+10.0,+11.0
43273.4594444444,+26.1,+13.1,+10.0,+11.0
43273.4601388889,+26.1,+13.1,+10.0,+11.0
43273.4608333333,+26.1,+13.1,+10.0,+11.0
43273.4615277778,+26.1,+13.1,+10.0,+11.0
43273.4622222222,+26.1,+13.1,+10.0,+11.0
43273.5206828704,+26.1,+13.2,+10.0,+11.0
43273.5213773148,+26.1,+13.2,+10.0,+11.0
43273.5220717593,+26.1,+13.2,+10.0,+11.0
43273.5227662037,+26.1,+13.2,+10.0,+11.0
43273.5234606481,+26.1,+13.2,+10.0,+11.0
43273.5241550926,+26.1,+13.2,+10.0,+11.0
43273.524849537,+26.1,+13.2,+10.0,+11.0
43273.5255439815,+26.1,+13.2,+10.0,+11.0
43273.5262384259,+26.1,+13.2,+10.0,+11.0
43273.5269328704,+26.1,+13.2,+10.0,+11.0
43273.5276273148,+26.1,+13.2,+10.0,+11.0
43273.5283217593,+26.1,+13.2,+10.0,+11.0
43273.5290162037,+26.1,+13.3,+10.0,+11.0
43273.5297106481,+26.1,+13.3,+10.0,+11.0
43273.5304050926,+26.1,+13.2,+10.0,+11.0
43273.531099537,+26.1,+13.2,+10.0,+11.0
43273.5317939815,+26.1,+13.3,+10.0,+11.0
43273.5324884259,+26.1,+13.3,+10.0,+11.0
43273.5331828704,+26.1,+13.3,+10.0,+11.0
43273.5338773148,+26.1,+13.3,+10.0,+11.0
43273.5345717593,+26.1,+13.3,+10.0,+11.0
43273.5352662037,+26.1,+13.3,+10.0,+11.0
43273.5359606482,+26.1,+13.3,+10.0,+11.0
43273.5366550926,+26.1,+13.3,+10.0,+11.0
43273.537349537,+26.1,+13.3,+10.0,+11.0
43273.5380439815,+26.1,+13.3,+10.0,+11.0
43273.5387384259,+26.1,+13.3,+10.0,+11.0
43273.5394328704,+26.1,+13.3,+10.0,+11.0
43273.5401273148,+26.0,+13.2,+10.0,+11.0
43273.5408217593,+26.1,+13.3,+10.0,+11.0
43273.5415162037,+26.1,+13.3,+10.0,+11.0
43273.5422106481,+26.1,+13.3,+10.0,+11.0
43273.5429050926,+26.1,+13.3,+10.0,+11.0
43273.5436111111,+26.1,+13.3,+10.0,+11.0
43273.5442939815,+26.1,+13.3,+10.0,+11.0
43273.5449884259,+26.1,+13.3,+10.0,+11.0
43273.5456828704,+26.1,+13.3,+10.0,+11.0
43273.5463773148,+26.1,+13.3,+10.0,+11.0
43273.5470717593,+26.1,+13.3,+10.0,+11.0
43273.5477662037,+26.1,+13.3,+10.0,+11.0
43273.5484606481,+26.1,+13.3,+10.0,+11.0
43273.5491550926,+26.1,+13.3,+10.0,+11.0
43273.549849537,+26.1,+13.3,+10.0,+11.0
43273.5505439815,+26.1,+13.3,+10.0,+11.0
43273.5512384259,+26.1,+13.3,+10.0,+11.0
43273.5519328704,+26.1,+13.3,+10.0,+11.0
43273.5526273148,+26.1,+13.3,+10.0,+11.0
43273.5533217593,+26.1,+13.3,+10.0,+11.0
43273.5540162037,+26.1,+13.3,+10.0,+11.0
43273.5547106481,+26.1,+13.3,+10.0,+11.0
43273.5554050926,+26.1,+13.3,+10.0,+11.0
43273.556099537,+26.1,+13.3,+10.0,+11.0
43273.5567939815,+26.1,+13.3,+10.0,+11.0
43273.5574884259,+26.1,+13.3,+10.0,+11.0
43273.5581828704,+26.1,+13.3,+10.0,+11.0
43273.5588773148,+26.1,+13.3,+10.0,+11.0
43273.5595717593,+26.1,+13.3,+10.0,+11.0
43273.5602662037,+26.1,+13.3,+10.0,+11.0
43273.5609606481,+26.1,+13.3,+10.0,+11.0
43273.5616550926,+26.1,+13.3,+10.0,+11.0
43273.562349537,+26.1,+13.3,+10.0,+11.0
43273.5630439815,+26.1,+13.3,+10.0,+11.0
43273.5637384259,+26.1,+13.3,+10.0,+11.0
43273.5644328704,+26.1,+13.3,+10.0,+11.0
43273.5651273148,+26.1,+13.3,+10.0,+11.0
43273.5658217593,+26.1,+13.3,+10.0,+11.0
43273.5665162037,+26.1,+13.3,+10.0,+11.0
43273.5672106482,+27.7,+13.3,+10.0,+11.0
43273.5679050926,+27.9,+13.3,+10.0,+11.0
43273.568599537,+29.2,+13.3,+10.0,+11.0
43273.5692939815,+30.5,+13.3,+10.0,+11.0
43273.5699884259,+31.0,+13.4,+10.0,+11.0
43273.5706828704,+31.3,+13.4,+10.0,+11.0
43273.5713773148,+31.8,+13.4,+10.0,+11.0
43273.5720717593,+32.2,+13.4,+10.0,+11.0
43273.5727662037,+32.7,+13.4,+10.0,+11.0
43273.5734606481,+33.3,+13.4,+10.0,+11.0
43273.5741550926,+33.7,+13.4,+10.0,+11.0
43273.574849537,+33.3,+13.4,+10.0,+11.0
43273.5755439815,+33.6,+13.4,+10.0,+11.0
43273.5762384259,+33.3,+13.4,+10.0,+11.0
43273.5769328704,+33.8,+13.4,+10.0,+11.0
43273.5776273148,+33.6,+13.3,+10.0,+11.0
43273.5783217593,+33.3,+13.4,+10.0,+11.0
43273.5790162037,+33.6,+13.4,+10.0,+11.0
43273.5797106481,+34.2,+13.4,+10.0,+11.0
43273.5804050926,+34.4,+13.5,+10.0,+11.0
43273.581099537,+34.0,+13.5,+10.0,+11.0
43273.5817939815,+34.6,+13.5,+10.0,+11.0
43273.5824884259,+35.0,+13.5,+10.0,+11.0
43273.5831828704,+35.3,+13.5,+10.0,+11.0
43273.5838773148,+35.6,+13.6,+10.0,+11.0
43273.5845717593,+35.9,+13.6,+10.0,+11.0
43273.5852662037,+36.0,+13.7,+10.0,+11.0
43273.5859606481,+36.0,+13.7,+10.0,+11.0
43273.5866550926,+36.0,+13.8,+10.0,+11.0
43273.587349537,+36.0,+13.8,+10.0,+11.0
43273.5880439815,+35.9,+13.9,+10.0,+11.0
43273.5887384259,+35.9,+13.9,+10.0,+11.0
43273.5894328704,+36.0,+14.0,+10.0,+11.0
43273.5901273148,+36.0,+14.0,+10.0,+11.0
43273.5908217593,+36.2,+14.0,+10.0,+11.0
43273.5915162037,+36.2,+14.1,+10.0,+11.0
43273.5922106481,+36.2,+14.1,+10.0,+11.0
43273.5929050926,+36.2,+14.2,+10.0,+11.0
43273.593599537,+36.2,+14.2,+10.1,+11.0
43273.5942939815,+36.2,+14.3,+10.0,+11.0
43273.5949884259,+36.2,+14.3,+10.0,+11.0
43273.5956828704,+36.2,+14.4,+10.1,+11.0
43273.5963773148,+36.2,+14.4,+10.0,+11.0
43273.5970717593,+36.3,+14.5,+10.0,+11.0
43273.5977662037,+36.3,+14.6,+10.0,+11.0
43273.5984606482,+36.3,+14.6,+10.0,+11.0
43273.5991550926,+36.1,+14.7,+10.0,+11.0
43273.599849537,+36.2,+14.7,+10.0,+11.0
43273.6005439815,+36.3,+14.8,+10.1,+11.0
43273.6012384259,+36.3,+14.8,+10.1,+11.0
43273.6019328704,+36.3,+14.9,+10.1,+11.0
43273.6026273148,+36.3,+15.0,+10.1,+11.0
43273.6033217593,+36.2,+15.0,+10.1,+11.0
43273.6040162037,+36.2,+15.1,+10.1,+11.0
43273.6047106481,+36.2,+15.2,+10.1,+11.0
43273.6054050926,+36.2,+15.2,+10.1,+11.0
43273.606099537,+36.2,+15.3,+10.1,+11.0
43273.6067939815,+36.2,+15.4,+10.1,+11.0
43273.6074884259,+36.2,+15.4,+10.1,+11.0
43273.6081828704,+36.2,+15.5,+10.1,+11.0
43273.6088773148,+36.2,+15.6,+10.1,+11.0
43273.6095717593,+36.2,+15.7,+10.1,+11.0
43273.6102662037,+36.2,+15.7,+10.1,+11.0
43273.6109606481,+36.2,+15.8,+10.1,+11.1
43273.6116550926,+36.2,+15.8,+10.1,+11.0
43273.612349537,+36.2,+16.0,+10.1,+11.1
43273.6130439815,+36.2,+16.1,+10.1,+11.0
43273.6137384259,+36.0,+16.2,+10.1,+11.1
43273.6144328704,+35.8,+16.2,+10.1,+11.0
43273.6151273148,+35.6,+16.3,+10.1,+11.1
43273.6158217593,+35.4,+16.4,+10.1,+11.0
43273.6165162037,+35.2,+16.4,+10.1,+11.1
43273.6172106481,+35.0,+16.5,+10.1,+11.0
43273.6179050926,+34.9,+16.6,+10.1,+11.0
43273.618599537,+34.7,+16.6,+10.1,+11.1
43273.6192939815,+34.6,+16.7,+10.1,+11.0
43273.6199884259,+34.5,+16.7,+10.1,+11.1
43273.6206828704,+34.4,+16.8,+10.1,+11.1
43273.6213773148,+34.3,+16.9,+10.1,+11.1
43273.6220717593,+34.2,+16.9,+10.1,+11.1
43273.6227662037,+34.1,+17.0,+10.1,+11.1
43273.6234606481,+34.0,+17.0,+10.1,+11.1
43273.6241550926,+33.9,+17.1,+10.1,+11.1
43273.624849537,+33.8,+17.1,+10.1,+11.1
43273.6255439815,+33.8,+17.1,+10.1,+11.1
43273.6262384259,+33.6,+17.1,+10.1,+11.1
43273.6269328704,+33.6,+17.2,+10.1,+11.1
43273.6276273148,+33.5,+17.3,+10.2,+11.1
43273.6283217593,+33.5,+17.3,+10.1,+11.1
43273.6290162037,+33.4,+17.3,+10.2,+11.1
43273.6297106482,+33.4,+17.4,+10.1,+11.1
43273.6304050926,+33.3,+17.4,+10.1,+11.1
43273.631099537,+33.3,+17.5,+10.2,+11.1
43273.6317939815,+33.3,+17.5,+10.1,+11.1
43273.6324884259,+33.2,+17.5,+10.2,+11.1
43273.6331828704,+33.2,+17.5,+10.1,+11.1
43273.6338773148,+33.1,+17.6,+10.2,+11.1
43273.6345717593,+33.1,+17.6,+10.1,+11.1
43273.6352662037,+33.1,+17.6,+10.2,+11.1
43273.6359606481,+33.0,+17.7,+10.2,+11.1
43273.6366550926,+33.0,+17.7,+10.1,+11.1
43273.637349537,+32.9,+17.7,+10.2,+11.1
43273.6380439815,+32.9,+17.7,+10.2,+11.1
43273.6387384259,+32.8,+17.8,+10.2,+11.1
43273.6394328704,+32.8,+17.8,+10.2,+11.1
43273.6401273148,+32.8,+17.8,+10.2,+11.1
43273.6408217593,+32.8,+17.8,+10.2,+11.1
43273.6415162037,+32.7,+17.8,+10.2,+11.1
43273.6422106481,+32.7,+17.9,+10.2,+11.1
43273.6429050926,+32.6,+17.9,+10.2,+11.1
43273.643599537,+32.6,+17.9,+10.2,+11.1
43273.6442939815,+32.6,+18.0,+10.2,+11.1
43273.6449884259,+32.5,+18.0,+10.2,+11.1
43273.6456828704,+32.5,+18.0,+10.2,+11.1
43273.6463773148,+32.4,+17.9,+10.2,+11.1
43273.6470717593,+32.5,+18.1,+10.2,+11.1
43273.6477662037,+32.4,+18.1,+10.2,+11.1
43273.6484606481,+32.3,+18.0,+10.2,+11.1
43273.6491550926,+32.4,+18.1,+10.2,+11.1
43273.649849537,+32.3,+18.2,+10.2,+11.1
43273.6505439815,+32.3,+18.2,+10.2,+11.1
43273.6512384259,+32.3,+18.2,+10.2,+11.1
43273.6519328704,+32.3,+18.2,+10.2,+11.1
43273.6526273148,+32.2,+18.3,+10.2,+11.1
43273.6533217593,+32.2,+18.3,+10.2,+11.1
43273.6540162037,+32.2,+18.3,+10.2,+11.1
43273.6547106481,+32.2,+18.3,+10.2,+11.1
43273.6554050926,+32.1,+18.3,+10.2,+11.1
43273.656099537,+32.1,+18.4,+10.2,+11.1
43273.6567939815,+32.1,+18.4,+10.2,+11.1
43273.6574884259,+32.1,+18.4,+10.2,+11.1
43273.6581828704,+32.1,+18.4,+10.2,+11.1
43273.6588773148,+32.0,+18.3,+10.2,+11.1
43273.6595717593,+32.0,+18.5,+10.2,+11.1
43273.6602662037,+32.0,+18.5,+10.2,+11.1
43273.6609606482,+32.0,+18.5,+10.2,+11.1
43273.6616550926,+32.0,+18.5,+10.2,+11.1
43273.662349537,+31.9,+18.5,+10.2,+11.1
43273.6630439815,+31.9,+18.6,+10.2,+11.1
43273.6637384259,+31.9,+18.6,+10.2,+11.1
43273.6644328704,+31.9,+18.6,+10.2,+11.1
43273.6651273148,+31.9,+18.6,+10.2,+11.1
43273.6658217593,+31.9,+18.6,+10.2,+11.1
43273.6665162037,+31.8,+18.7,+10.2,+11.1
43273.6672106481,+31.8,+18.7,+10.2,+11.1
43273.6679050926,+31.8,+18.7,+10.2,+11.1
43273.668599537,+31.8,+18.7,+10.2,+11.1
43273.6692939815,+31.8,+18.7,+10.2,+11.1
43273.6699884259,+31.7,+18.7,+10.2,+11.1
43273.6706828704,+31.7,+18.8,+10.2,+11.1
43273.6713773148,+31.7,+18.8,+10.2,+11.1
43273.6720717593,+31.7,+18.8,+10.3,+11.1
43273.6727662037,+31.7,+18.8,+10.2,+11.1
43273.6734606481,+31.7,+18.8,+10.3,+11.1
43273.6741550926,+31.7,+18.8,+10.3,+11.1
43273.674849537,+31.6,+18.9,+10.2,+11.1
43273.6755439815,+31.6,+18.9,+10.2,+11.1
43273.6762384259,+31.6,+18.9,+10.2,+11.1
43273.6769328704,+31.6,+18.9,+10.3,+11.1
43273.6776273148,+31.6,+18.9,+10.3,+11.1
43273.6783217593,+31.6,+18.9,+10.2,+11.1
43273.6790162037,+31.5,+19.0,+10.3,+11.1
43273.6797106481,+31.5,+19.0,+10.3,+11.1
43273.6804050926,+31.5,+19.0,+10.3,+11.1
43273.681099537,+31.5,+19.0,+10.3,+11.1
43273.6817939815,+31.5,+19.0,+10.3,+11.1
43273.6824884259,+31.5,+19.0,+10.3,+11.1
43273.6831828704,+31.4,+19.0,+10.3,+11.1
43273.6838773148,+31.5,+19.1,+10.3,+11.1
43273.6845717593,+31.4,+19.1,+10.3,+11.1
43273.6852662037,+31.4,+19.1,+10.3,+11.1
43273.6859606481,+31.4,+19.1,+10.3,+11.1
43273.6866550926,+31.4,+19.1,+10.3,+11.1
43273.687349537,+31.4,+19.1,+10.3,+11.1
43273.6880439815,+31.4,+19.1,+10.3,+11.1
43273.6887384259,+31.4,+19.2,+10.3,+11.1
43273.6894328704,+31.3,+19.2,+10.3,+11.1
43273.6901273148,+31.3,+19.2,+10.3,+11.1
43273.6908217593,+31.3,+19.1,+10.3,+11.1
43273.6915162037,+31.3,+19.2,+10.3,+11.1
43273.6922106482,+31.3,+19.2,+10.3,+11.1
43273.6929050926,+31.3,+19.2,+10.3,+11.1
43273.693599537,+31.3,+19.3,+10.3,+11.1
43273.6942939815,+31.3,+19.3,+10.3,+11.1
43273.6949884259,+31.3,+19.3,+10.3,+11.1
43273.6956828704,+31.2,+19.3,+10.3,+11.1
43273.6963773148,+31.2,+19.3,+10.3,+11.1
43273.6970717593,+31.2,+19.3,+10.3,+11.1
43273.6977662037,+31.2,+19.3,+10.2,+11.1
43273.6984606481,+31.2,+19.3,+10.3,+11.1
43273.6991550926,+31.2,+19.4,+10.3,+11.2
43273.699849537,+31.2,+19.4,+10.3,+11.1
43273.7005439815,+31.2,+19.4,+10.3,+11.2
43273.7012384259,+31.2,+19.4,+10.3,+11.2
43273.7019328704,+31.2,+19.4,+10.2,+11.1
43273.7026273148,+31.1,+19.3,+10.3,+11.1
43273.7033217593,+31.1,+19.4,+10.3,+11.1
43273.7040162037,+31.1,+19.4,+10.3,+11.1
43273.7047106481,+31.1,+19.4,+10.3,+11.1
43273.7054050926,+31.1,+19.5,+10.3,+11.1
43273.706099537,+31.1,+19.5,+10.3,+11.1
43273.7067939815,+31.1,+19.5,+10.3,+11.2
43273.7074884259,+31.1,+19.5,+10.3,+11.1
43273.7081828704,+31.1,+19.5,+10.3,+11.1
43273.7088773148,+31.1,+19.5,+10.3,+11.2
43273.7095717593,+31.1,+19.5,+10.3,+11.1
43273.7102662037,+31.0,+19.6,+10.3,+11.2
43273.7109606481,+31.0,+19.6,+10.5,+11.2
43273.7116550926,+31.0,+19.6,+10.3,+11.2
43273.712349537,+31.0,+19.6,+10.3,+11.2
43273.7130439815,+31.0,+19.6,+10.3,+11.2
43273.7137384259,+31.0,+19.6,+10.3,+11.2
43273.7144328704,+31.0,+19.6,+10.3,+11.2
43273.7151273148,+31.0,+19.6,+10.3,+11.2
43273.7158217593,+31.0,+19.7,+10.3,+11.2
43273.7165162037,+31.0,+19.7,+10.3,+11.2
43273.7172106481,+31.0,+19.7,+10.3,+11.2
43273.7179050926,+31.0,+19.7,+10.3,+11.2
43273.718599537,+30.9,+19.7,+10.5,+11.2
43273.7192939815,+30.9,+19.7,+10.3,+11.2
43273.7199884259,+30.9,+19.7,+10.5,+11.2
43273.7206828704,+30.9,+19.7,+10.5,+11.2
43273.7213773148,+30.9,+19.7,+10.5,+11.2
43273.7220717593,+30.9,+19.7,+10.5,+11.2
43273.7227662037,+30.9,+19.8,+10.5,+11.2
43273.7234606482,+30.9,+19.8,+10.5,+11.2
43273.7241550926,+30.9,+19.8,+10.5,+11.2
43273.724849537,+30.9,+19.8,+10.5,+11.2
43273.7255439815,+30.9,+19.8,+10.5,+11.2
43273.7262384259,+30.9,+19.8,+10.5,+11.2
43273.7269328704,+30.8,+19.8,+10.5,+11.2
43273.7276273148,+30.8,+19.8,+10.5,+11.2
43273.7283217593,+30.8,+19.8,+10.5,+11.2
43273.7290162037,+30.8,+19.9,+10.5,+11.2
43273.7297106481,+30.8,+19.9,+10.5,+11.2
43273.7304050926,+30.8,+19.9,+10.5,+11.2
43273.731099537,+30.8,+19.9,+10.5,+11.2
43273.7317939815,+30.8,+19.9,+10.5,+11.2
43273.7324884259,+30.8,+19.9,+10.5,+11.2
43273.7331828704,+30.8,+19.9,+10.5,+11.2
43273.7338773148,+30.8,+19.9,+10.5,+11.2
43273.7345717593,+30.8,+20.0,+10.5,+11.2
43273.7352662037,+30.8,+20.0,+10.5,+11.2
43273.7359606481,+30.7,+20.0,+10.5,+11.2
43273.7366550926,+30.7,+20.0,+10.5,+11.2
43273.737349537,+30.7,+20.0,+10.5,+11.2
43273.7380439815,+30.7,+20.0,+10.5,+11.2
43273.7387384259,+30.7,+20.0,+10.5,+11.2
43273.7394328704,+30.7,+20.0,+10.3,+11.1
43273.7401273148,+30.7,+20.0,+10.5,+11.2
43273.7408217593,+30.7,+20.1,+10.5,+11.2
43273.7415162037,+30.7,+20.1,+10.5,+11.2
43273.7422106481,+30.7,+20.1,+10.5,+11.2
43273.7429050926,+30.7,+20.1,+10.5,+11.2
43273.743599537,+30.7,+20.1,+10.5,+11.2
43273.7442939815,+30.7,+20.1,+10.5,+11.2
43273.7449884259,+30.6,+20.0,+10.5,+11.2
43273.7456828704,+30.7,+20.1,+10.5,+11.2
43273.7463773148,+30.6,+20.1,+10.5,+11.2
43273.7470717593,+30.6,+20.1,+10.5,+11.2
43273.7477662037,+30.6,+20.2,+10.5,+11.2
43273.7484606481,+30.6,+20.2,+10.5,+11.2
43273.7491550926,+30.6,+20.1,+10.5,+11.2
43273.749849537,+30.6,+20.2,+10.5,+11.2
43273.7505439815,+30.6,+20.2,+10.5,+11.2
43273.7512384259,+30.6,+20.2,+10.5,+11.2
43273.7519328704,+30.6,+20.2,+10.5,+11.2
43273.7526273148,+30.6,+20.2,+10.5,+11.2
43273.7533217593,+30.6,+20.2,+10.5,+11.2
43273.7540162037,+30.6,+20.3,+10.5,+11.2
43273.7547106482,+30.6,+20.3,+10.5,+11.2
43273.7554050926,+30.6,+20.3,+10.5,+11.2
43273.756099537,+30.6,+20.3,+10.5,+11.2
43273.7567939815,+30.6,+20.3,+10.5,+11.2
43273.7574884259,+30.6,+20.3,+10.5,+11.2
43273.7581828704,+30.5,+20.3,+10.5,+11.2
43273.7588773148,+30.5,+20.3,+10.5,+11.2
43273.7595717593,+30.5,+20.3,+10.5,+11.2
43273.7602662037,+30.5,+20.3,+10.5,+11.2
43273.7609606481,+30.5,+20.4,+10.5,+11.2
43273.7616550926,+30.5,+20.4,+10.5,+11.2
43273.762349537,+30.5,+20.4,+10.5,+11.2
43273.7630439815,+30.5,+20.4,+10.5,+11.2
43273.7637384259,+30.5,+20.4,+10.5,+11.2
43273.7644328704,+30.5,+20.4,+10.5,+11.2
43273.7651273148,+30.5,+20.4,+10.5,+11.2
43273.7658217593,+30.5,+20.4,+10.5,+11.2
43273.7665162037,+30.5,+20.4,+10.5,+11.2
43273.7672106481,+30.5,+20.5,+10.5,+11.2
43273.7679050926,+30.5,+20.5,+10.5,+11.2
43273.768599537,+30.5,+20.5,+10.5,+11.2
43273.7692939815,+30.5,+20.5,+10.5,+11.2
43273.7699884259,+30.5,+20.5,+10.5,+11.2
43273.7706828704,+30.4,+20.5,+10.5,+11.2
43273.7713773148,+30.4,+20.5,+10.5,+11.2
43273.7720717593,+30.4,+20.5,+10.5,+11.2
43273.7727662037,+30.4,+20.6,+10.5,+11.2
43273.7734606481,+30.4,+20.6,+10.5,+11.2
43273.7741550926,+30.4,+20.6,+10.5,+11.2
43273.774849537,+30.4,+20.6,+10.5,+11.2
43273.7755439815,+30.4,+20.6,+10.5,+11.2
43273.7762384259,+30.4,+20.6,+10.5,+11.2
43273.7769328704,+30.4,+20.6,+10.5,+11.2
43273.7776273148,+30.4,+20.6,+10.5,+11.2
43273.7783217593,+30.4,+20.6,+10.5,+11.2
43273.7790162037,+30.4,+20.7,+10.5,+11.2
43273.7797106481,+30.4,+20.7,+10.5,+11.2
43273.7804050926,+30.4,+20.7,+10.5,+11.2
43273.781099537,+30.4,+20.7,+10.5,+11.2
43273.7817939815,+30.4,+20.7,+10.5,+11.2
43273.7824884259,+30.4,+20.7,+10.5,+11.2
43273.7831828704,+30.3,+20.6,+10.5,+11.2
43273.7838773148,+30.4,+20.7,+10.5,+11.2
43273.7845717593,+30.3,+20.6,+10.5,+11.2
43273.7852662037,+30.3,+20.7,+10.5,+11.2
43273.7859606482,+30.3,+20.8,+10.5,+11.2
43273.7866550926,+30.3,+20.8,+10.5,+11.2
43273.787349537,+30.3,+20.8,+10.5,+11.2
43273.7880439815,+30.3,+20.7,+10.5,+11.2
43273.7887384259,+30.3,+20.8,+10.5,+11.2
43273.7894328704,+30.3,+20.8,+10.5,+11.2
43273.7901273148,+30.3,+20.8,+10.5,+11.2
43273.7908217593,+30.3,+20.8,+10.5,+11.2
43273.7915162037,+30.3,+20.8,+10.5,+11.2
43273.7922106481,+30.3,+20.8,+10.5,+11.2
43273.7929050926,+30.3,+20.8,+10.5,+11.2
43273.793599537,+30.3,+20.8,+10.5,+11.2
43273.7942939815,+30.3,+20.8,+10.5,+11.2
43273.7949884259,+30.3,+20.8,+10.5,+11.2
43273.7956828704,+30.2,+20.8,+10.5,+11.3
43273.7963773148,+30.3,+20.8,+10.5,+11.2
43273.7970717593,+30.3,+20.8,+10.5,+11.2
43273.7977662037,+30.3,+20.8,+10.5,+11.2
43273.7984606481,+30.3,+20.8,+10.5,+11.3
43273.7991550926,+30.3,+20.8,+10.5,+11.2
43273.799849537,+30.3,+20.9,+10.5,+11.2
43273.8005439815,+30.3,+20.9,+10.5,+11.2
43273.8012384259,+30.2,+20.9,+10.5,+11.2
43273.8019328704,+30.2,+20.9,+10.5,+11.2
43273.8026273148,+30.2,+20.9,+10.5,+11.3
43273.8033217593,+30.2,+20.9,+10.5,+11.2
43273.8040162037,+30.2,+20.9,+10.5,+11.2
43273.8047106481,+30.2,+20.9,+10.5,+11.2
43273.8054050926,+30.2,+20.9,+10.5,+11.1
43273.806099537,+30.2,+20.9,+10.5,+11.2
43273.8067939815,+30.2,+20.9,+10.5,+11.2
43273.8074884259,+30.2,+20.9,+10.5,+11.2
43273.8081828704,+30.2,+20.9,+10.5,+11.2
43273.8088773148,+30.2,+21.0,+10.5,+11.2
43273.8095717593,+30.2,+21.0,+10.5,+11.3
43273.8102662037,+30.2,+21.0,+10.5,+11.2
43273.8109606481,+30.2,+21.0,+10.5,+11.3
43273.8116550926,+30.2,+21.0,+10.5,+11.3
43273.812349537,+30.2,+21.0,+10.5,+11.2
43273.8130439815,+30.2,+21.0,+10.5,+11.2
43273.8137384259,+30.2,+21.0,+10.5,+11.2
43273.8144328704,+30.2,+21.0,+10.5,+11.3
43273.8151273148,+30.2,+21.0,+10.5,+11.3
43273.8158217593,+30.2,+21.0,+10.5,+11.3
43273.8165162037,+30.2,+21.0,+10.6,+11.3
43273.8172106482,+30.2,+21.1,+10.5,+11.3
43273.8179050926,+30.1,+21.1,+10.5,+11.2
43273.818599537,+30.1,+21.1,+10.5,+11.3
43273.8192939815,+30.1,+21.1,+10.6,+11.3
43273.8199884259,+30.1,+21.1,+10.5,+11.3
43273.8206828704,+30.1,+21.1,+10.6,+11.3
43273.8213773148,+30.1,+21.1,+10.5,+11.3
43273.8220717593,+30.1,+21.1,+10.5,+11.3
43273.8227662037,+30.1,+21.1,+10.6,+11.3
43273.8234606481,+30.1,+21.1,+10.6,+11.3
43273.8241550926,+30.1,+21.1,+10.5,+11.2
43273.824849537,+30.1,+21.2,+10.5,+11.3
43273.8255439815,+30.1,+21.2,+10.6,+11.3
43273.8262384259,+30.1,+21.2,+10.6,+11.3
43273.8269328704,+30.1,+21.2,+10.5,+11.3
43273.8276273148,+30.1,+21.2,+10.6,+11.3
43273.8283217593,+30.1,+21.2,+10.6,+11.3
43273.8290162037,+30.1,+21.2,+10.6,+11.3
43273.8297106481,+30.1,+21.2,+10.6,+11.3
43273.8304050926,+30.1,+21.2,+10.5,+11.3
43273.831099537,+30.1,+21.2,+10.6,+11.3
43273.8317939815,+30.1,+21.3,+10.6,+11.3
43273.8324884259,+30.1,+21.3,+10.6,+11.3
43273.8331828704,+30.1,+21.3,+10.6,+11.3
43273.8338773148,+30.1,+21.3,+10.6,+11.3
43273.8345717593,+30.1,+21.3,+10.6,+11.3
43273.8352662037,+30.1,+21.3,+10.6,+11.3
43273.8359606481,+30.1,+21.3,+10.6,+11.3
43273.8366550926,+30.0,+21.3,+10.6,+11.3
43273.837349537,+30.0,+21.3,+10.6,+11.3
43273.8380439815,+30.0,+21.3,+10.6,+11.3
43273.8387384259,+30.0,+21.3,+10.6,+11.3
43273.8394328704,+30.0,+21.3,+10.6,+11.3
43273.8401273148,+30.0,+21.4,+10.6,+11.3
43273.8408217593,+30.0,+21.3,+10.6,+11.3
43273.8415162037,+30.0,+21.4,+10.6,+11.3
43273.8422106481,+30.0,+21.4,+10.6,+11.3
43273.8429050926,+30.0,+21.4,+10.6,+11.3
43273.843599537,+30.0,+21.4,+10.6,+11.3
43273.8442939815,+30.0,+21.4,+10.6,+11.3
43273.8449884259,+30.0,+21.4,+10.6,+11.3
43273.8456828704,+30.0,+21.4,+10.6,+11.3
43273.8463773148,+30.0,+21.4,+10.6,+11.3
43273.8470717593,+30.0,+21.4,+10.6,+11.3
43273.8477662037,+30.0,+21.4,+10.6,+11.3
43273.8484606482,+30.0,+21.4,+10.6,+11.3
43273.8491550926,+30.0,+21.4,+10.6,+11.3
43273.849849537,+30.0,+21.5,+10.6,+11.3
43273.8505439815,+30.0,+21.5,+10.6,+11.3
43273.8512384259,+30.0,+21.5,+10.6,+11.3
43273.8519328704,+30.0,+21.5,+10.6,+11.3
43273.8526273148,+30.0,+21.5,+10.6,+11.3
43273.8533217593,+30.0,+21.5,+10.6,+11.3
43273.8540162037,+30.0,+21.5,+10.6,+11.3
43273.8547106481,+30.0,+21.5,+10.6,+11.3
43273.8554050926,+30.0,+21.5,+10.6,+11.3
43273.856099537,+30.0,+21.5,+10.6,+11.3
43273.8567939815,+30.0,+21.5,+10.6,+11.3
43273.8574884259,+29.9,+21.5,+10.6,+11.3
43273.8581828704,+29.9,+21.6,+10.6,+11.3
43273.8588773148,+29.9,+21.6,+10.6,+11.3
43273.8595717593,+29.9,+21.6,+10.6,+11.3
43273.8602662037,+29.9,+21.6,+10.6,+11.3
43273.8609606481,+29.9,+21.6,+10.6,+11.3
43273.8616550926,+29.9,+21.6,+10.6,+11.3
43273.862349537,+29.9,+21.6,+10.6,+11.3
43273.8630439815,+29.9,+21.6,+10.6,+11.3
43273.8637384259,+29.9,+21.6,+10.6,+11.3
43273.8644328704,+29.9,+21.6,+10.6,+11.3
43273.8651273148,+29.9,+21.6,+10.6,+11.3
43273.8658217593,+29.9,+21.6,+10.6,+11.3
43273.8665162037,+29.9,+21.6,+10.6,+11.3
43273.8672106481,+29.9,+21.6,+10.6,+11.3
43273.8679050926,+29.9,+21.7,+10.6,+11.3
43273.868599537,+29.9,+21.7,+10.6,+11.3
43273.8692939815,+29.9,+21.7,+10.6,+11.3
43273.8699884259,+29.9,+21.7,+10.6,+11.3
43273.8706828704,+29.9,+21.7,+10.6,+11.3
43273.8713773148,+29.9,+21.7,+10.6,+11.3
43273.8720717593,+29.9,+21.7,+10.6,+11.3
43273.8727662037,+29.9,+21.7,+10.6,+11.3
43273.8734606481,+29.9,+21.7,+10.6,+11.2
43273.8741550926,+29.9,+21.7,+10.6,+11.3
43273.874849537,+29.9,+21.7,+10.6,+11.3
43273.8755439815,+29.9,+21.7,+10.6,+11.3
43273.8762384259,+29.9,+21.7,+10.6,+11.3
43273.8769328704,+29.9,+21.7,+10.6,+11.3
43273.8776273148,+29.9,+21.7,+10.6,+11.3
43273.8783217593,+29.9,+21.8,+10.6,+11.3
43273.8790162037,+29.9,+21.8,+10.6,+11.3
43273.8797106482,+29.8,+21.8,+10.6,+11.3
43273.8804050926,+29.9,+21.8,+10.6,+11.3
43273.881099537,+29.8,+21.8,+10.6,+11.3
43273.8817939815,+29.9,+21.8,+10.6,+11.3
43273.8824884259,+29.8,+21.8,+10.6,+11.3
43273.8831828704,+29.8,+21.8,+10.6,+11.3
43273.8838773148,+29.8,+21.8,+10.7,+11.3
43273.8845717593,+29.8,+21.8,+10.7,+11.3
43273.8852662037,+29.8,+21.8,+10.7,+11.3
43273.8859606481,+29.8,+21.8,+10.7,+11.3
43273.8866550926,+29.8,+21.8,+10.6,+11.3
43273.887349537,+29.8,+21.9,+10.7,+11.3
43273.8880439815,+29.8,+21.9,+10.7,+11.3
43273.8887384259,+29.8,+21.9,+10.7,+11.3
43273.8894328704,+29.8,+21.9,+10.7,+11.3
43273.8901273148,+29.8,+21.9,+10.7,+11.3
43273.8908217593,+29.8,+21.9,+10.7,+11.3
43273.8915162037,+29.8,+21.9,+10.7,+11.3
43273.8922106481,+29.8,+21.9,+10.7,+11.3
43273.8929050926,+29.8,+21.9,+10.7,+11.3
43273.893599537,+29.8,+21.9,+10.7,+11.3
43273.8942939815,+29.8,+21.9,+10.7,+11.3
43273.8949884259,+29.8,+21.9,+10.7,+11.3
43273.8956828704,+29.8,+21.9,+10.7,+11.3
43273.8963773148,+29.8,+21.9,+10.7,+11.3
43273.8970717593,+29.8,+21.9,+10.7,+11.3
43273.8977662037,+29.8,+22.0,+10.7,+11.3
43273.8984606481,+29.8,+22.0,+10.7,+11.3
43273.8991550926,+29.8,+22.0,+10.7,+11.3
43273.899849537,+29.8,+22.0,+10.7,+11.3
43273.9005439815,+29.8,+22.0,+10.7,+11.3
43273.9012384259,+29.8,+22.0,+10.7,+11.3
43273.9019328704,+29.8,+22.0,+10.7,+11.3
43273.9026273148,+29.8,+22.0,+10.7,+11.3
43273.9033217593,+29.8,+22.0,+10.7,+11.3
43273.9040162037,+29.8,+22.0,+10.7,+11.3
43273.9047106481,+29.8,+22.0,+10.7,+11.3
43273.9054050926,+29.8,+22.0,+10.7,+11.3
43273.906099537,+29.8,+22.0,+10.7,+11.3
43273.9067939815,+29.8,+22.0,+10.7,+11.3
43273.9074884259,+29.8,+22.0,+10.7,+11.3
43273.9081828704,+29.8,+22.0,+10.7,+11.3
43273.9088773148,+29.7,+22.0,+10.7,+11.3
43273.9095717593,+29.7,+22.1,+10.7,+11.3
43273.9102662037,+29.7,+22.1,+10.7,+11.3
43273.9109606482,+29.7,+22.1,+10.7,+11.3
43273.9116550926,+29.7,+22.1,+10.7,+11.3
43273.912349537,+29.7,+22.1,+10.7,+11.3
43273.9130439815,+29.7,+22.1,+10.7,+11.3
43273.9137384259,+29.7,+22.1,+10.7,+11.3
43273.9144328704,+29.7,+22.1,+10.7,+11.3
43273.9151273148,+29.7,+22.1,+10.7,+11.3
43273.9158217593,+29.7,+22.1,+10.7,+11.3
43273.9165162037,+29.7,+22.1,+10.7,+11.5
43273.9172106481,+29.7,+22.1,+10.7,+11.3
43273.9179050926,+29.7,+22.1,+10.7,+11.3
43273.918599537,+29.7,+22.1,+10.7,+11.3
43273.9192939815,+29.7,+22.1,+10.7,+11.3
43273.9199884259,+29.7,+22.1,+10.7,+11.3
43273.9206828704,+29.7,+22.2,+10.7,+11.3
43273.9213773148,+29.7,+22.2,+10.7,+11.3
43273.9220717593,+29.7,+22.2,+10.7,+11.3
43273.9227662037,+29.7,+22.2,+10.7,+11.3
43273.9234606481,+29.7,+22.2,+10.7,+11.3
43273.9241550926,+29.7,+22.2,+10.7,+11.3
43273.924849537,+29.7,+22.2,+10.7,+11.3
43273.9255439815,+29.7,+22.2,+10.7,+11.3
43273.9262384259,+29.7,+22.2,+10.7,+11.3
43273.9269328704,+29.7,+22.2,+10.7,+11.5
43273.9276273148,+29.7,+22.2,+10.7,+11.5
43273.9283217593,+29.7,+22.2,+10.7,+11.5
43273.9290162037,+29.7,+22.2,+10.7,+11.3
43273.9297106481,+29.7,+22.2,+10.7,+11.5
43273.9304050926,+29.7,+22.2,+10.7,+11.5
43273.931099537,+29.7,+22.2,+10.7,+11.5
43273.9317939815,+29.7,+22.2,+10.7,+11.3
43273.9324884259,+29.7,+22.3,+10.6,+11.3
43273.9331828704,+29.7,+22.3,+10.7,+11.5
43273.9338773148,+29.7,+22.2,+10.6,+11.3
43273.9345717593,+29.7,+22.3,+10.7,+11.5
43273.9352662037,+29.7,+22.3,+10.7,+11.3
43273.9359606481,+29.6,+22.3,+10.7,+11.5
43273.9366550926,+29.6,+22.3,+10.7,+11.5
43273.937349537,+29.6,+22.3,+10.7,+11.5
43273.9380439815,+29.6,+22.3,+10.7,+11.5
43273.9387384259,+29.6,+22.3,+10.7,+11.5
43273.9394328704,+29.6,+22.3,+10.7,+11.5
43273.9401273148,+29.6,+22.3,+10.7,+11.5
43273.9408217593,+29.6,+22.3,+10.7,+11.5
43273.9415162037,+29.6,+22.3,+10.7,+11.5
43273.9422106482,+29.6,+22.3,+10.7,+11.5
43273.9429050926,+29.6,+22.3,+10.7,+11.5
43273.943599537,+29.6,+22.3,+10.7,+11.5
43273.9442939815,+29.6,+22.4,+10.7,+11.5
43273.9449884259,+29.6,+22.4,+10.7,+11.5
43273.9456828704,+29.6,+22.4,+10.7,+11.5
43273.9463773148,+29.6,+22.4,+10.7,+11.5
43273.9470717593,+29.6,+22.4,+10.7,+11.5
43273.9477662037,+29.6,+22.4,+10.7,+11.5
43273.9484606481,+29.6,+22.4,+10.7,+11.5
43273.9491550926,+29.6,+22.4,+10.7,+11.5
43273.949849537,+29.6,+22.4,+10.7,+11.5
43273.9505439815,+29.6,+22.4,+10.8,+11.5
43273.9512384259,+29.6,+22.4,+10.7,+11.5
43273.9519328704,+29.6,+22.4,+10.7,+11.3
43273.9526273148,+29.6,+22.4,+10.7,+11.5
43273.9533217593,+29.6,+22.4,+10.8,+11.5
43273.9540162037,+29.6,+22.4,+10.8,+11.5
43273.9547106481,+29.6,+22.4,+10.8,+11.5
43273.9554050926,+29.6,+22.4,+10.7,+11.5
43273.956099537,+29.6,+22.4,+10.7,+11.5
43273.9567939815,+29.6,+22.4,+10.7,+11.5
43273.9574884259,+29.6,+22.5,+10.7,+11.5
43273.9581828704,+29.6,+22.5,+10.8,+11.3
43273.9588773148,+29.6,+22.5,+10.7,+11.5
43273.9595717593,+29.6,+22.5,+10.8,+11.5
43273.9602662037,+29.6,+22.5,+10.7,+11.5
43273.9609606481,+29.6,+22.5,+10.8,+11.5
43273.9616550926,+29.6,+22.5,+10.8,+11.5
43273.962349537,+29.6,+22.5,+10.8,+11.5
43273.9630439815,+29.6,+22.5,+10.8,+11.5
43273.9637384259,+29.5,+22.4,+10.8,+11.5
43273.9644328704,+29.6,+22.5,+10.8,+11.5
43273.9651273148,+29.6,+22.5,+10.8,+11.5
43273.9658217593,+29.6,+22.5,+10.8,+11.5
43273.9665162037,+29.6,+22.5,+10.8,+11.5
43273.9672106481,+29.6,+22.5,+10.8,+11.5
43273.9679050926,+29.6,+22.5,+10.8,+11.5
43273.968599537,+29.6,+22.5,+10.8,+11.5
43273.9692939815,+29.6,+22.6,+10.8,+11.5
43273.9699884259,+29.6,+22.6,+10.8,+11.5
43273.9706828704,+29.5,+22.6,+10.8,+11.5
43273.9713773148,+29.5,+22.6,+10.8,+11.5
43273.9720717593,+29.5,+22.6,+10.8,+11.5
43273.9727662037,+29.5,+22.6,+10.8,+11.5
43273.9734606482,+29.5,+22.6,+10.8,+11.5
43273.9741550926,+29.5,+22.5,+10.8,+11.5
43273.974849537,+29.5,+22.6,+10.8,+11.5
43273.9755439815,+29.5,+22.6,+10.8,+11.5
43273.9762384259,+29.5,+22.6,+10.8,+11.5
43273.9769328704,+29.5,+22.6,+10.8,+11.5
43273.9776273148,+29.5,+22.6,+10.8,+11.5
43273.9783217593,+29.5,+22.6,+10.8,+11.5
43273.9790162037,+29.5,+22.6,+10.8,+11.5
43273.9797106481,+29.5,+22.6,+10.8,+11.5
43273.9804050926,+29.5,+22.6,+10.8,+11.5
43273.981099537,+29.5,+22.6,+10.8,+11.5
43273.9817939815,+29.5,+22.6,+10.8,+11.5
43273.9824884259,+29.5,+22.6,+10.8,+11.5
43273.9831828704,+29.5,+22.6,+10.8,+11.5
43273.9838773148,+29.5,+22.7,+10.8,+11.5
43273.9845717593,+29.5,+22.7,+10.8,+11.5
43273.9852662037,+29.5,+22.7,+10.8,+11.5
43273.9859606481,+29.5,+22.7,+10.8,+11.5
43273.9866550926,+29.5,+22.7,+10.8,+11.5
43273.987349537,+29.5,+22.7,+10.8,+11.5
43273.9880439815,+29.5,+22.7,+10.8,+11.5
43273.9887384259,+29.5,+22.7,+10.8,+11.5
43273.9894328704,+29.5,+22.7,+10.8,+11.5
43273.9901273148,+29.5,+22.7,+10.8,+11.5
43273.9908217593,+29.5,+22.7,+10.8,+11.5
43273.9915162037,+29.5,+22.7,+10.8,+11.5
43273.9922106481,+29.5,+22.7,+10.8,+11.5
43273.9929050926,+29.5,+22.7,+10.8,+11.5
43273.993599537,+29.5,+22.7,+10.8,+11.5
43273.9942939815,+29.5,+22.7,+10.8,+11.5
43273.9949884259,+29.5,+22.7,+10.8,+11.5
43273.9956828704,+29.5,+22.7,+10.8,+11.5
43273.9963773148,+29.5,+22.7,+10.8,+11.5
43273.9970717593,+29.5,+22.7,+10.8,+11.5
43273.9977662037,+29.5,+22.8,+10.8,+11.5
43273.9984606481,+29.5,+22.7,+10.8,+11.5
43273.9991550926,+29.5,+22.8,+10.8,+11.5
43273.999849537,+29.5,+22.8,+10.8,+11.5
43274.0005439815,+29.5,+22.8,+10.8,+11.5
43274.0012384259,+29.5,+22.8,+10.8,+11.5
43274.0019328704,+29.5,+22.8,+10.8,+11.5
43274.0026273148,+29.5,+22.8,+10.8,+11.5
43274.0033217593,+29.5,+22.8,+10.8,+11.5
43274.0040162037,+29.5,+22.8,+10.8,+11.5
43274.0047106482,+29.5,+22.8,+10.8,+11.5
43274.0054050926,+29.5,+22.8,+10.8,+11.5
43274.006099537,+29.5,+22.8,+10.8,+11.5
43274.0067939815,+29.5,+22.8,+10.8,+11.5
43274.0074884259,+29.4,+22.8,+10.8,+11.5
43274.0081828704,+29.4,+22.8,+10.8,+11.5
43274.0088773148,+29.4,+22.8,+10.8,+11.5
43274.0095717593,+29.4,+22.8,+10.8,+11.5
43274.0102662037,+29.4,+22.8,+10.8,+11.5
43274.0109606481,+29.4,+22.8,+10.8,+11.5
43274.0116550926,+29.4,+22.8,+10.8,+11.5
43274.012349537,+29.4,+22.9,+10.8,+11.5
43274.0130439815,+29.4,+22.9,+10.8,+11.5
43274.0137384259,+29.4,+22.9,+10.8,+11.5
43274.0144328704,+29.4,+22.9,+10.8,+11.5
43274.0151273148,+29.4,+22.9,+10.8,+11.5
43274.0158217593,+29.4,+22.9,+10.8,+11.5
43274.0165162037,+29.4,+22.9,+10.8,+11.5
43274.0172106481,+29.4,+22.9,+10.8,+11.5
43274.0179050926,+29.4,+22.9,+10.8,+11.5
43274.018599537,+29.4,+22.9,+10.8,+11.5
43274.0192939815,+29.4,+22.9,+10.8,+11.5
43274.0199884259,+29.4,+22.9,+10.8,+11.5
43274.0206828704,+29.4,+22.9,+10.8,+11.5
43274.0213773148,+29.4,+22.9,+10.8,+11.5
43274.0220717593,+29.4,+22.9,+10.8,+11.5
43274.0227662037,+29.4,+22.9,+10.8,+11.5
43274.0234606481,+29.4,+22.9,+10.8,+11.5
43274.0241550926,+29.4,+22.9,+10.8,+11.5
43274.024849537,+29.4,+22.9,+10.8,+11.5
43274.0255439815,+29.4,+22.9,+10.8,+11.5
43274.0262384259,+29.4,+22.9,+10.8,+11.5
43274.0269328704,+29.4,+22.9,+10.8,+11.5
43274.0276273148,+29.4,+23.0,+10.8,+11.5
43274.0283217593,+29.4,+23.0,+10.8,+11.5
43274.0290162037,+29.4,+23.0,+10.8,+11.5
43274.0297106481,+29.4,+23.0,+10.8,+11.5
43274.0304050926,+29.4,+23.0,+10.8,+11.5
43274.031099537,+29.4,+23.0,+10.8,+11.5
43274.0317939815,+29.4,+23.0,+10.8,+11.5
43274.0324884259,+29.4,+23.0,+10.8,+11.5
43274.0331828704,+29.4,+23.0,+10.8,+11.5
43274.0338773148,+29.4,+23.0,+10.8,+11.5
43274.0345717593,+29.4,+23.0,+10.8,+11.5
43274.0352662037,+29.4,+23.0,+10.8,+11.5
43274.0359606482,+29.4,+23.0,+10.8,+11.5
43274.0366550926,+29.4,+23.0,+10.8,+11.5
43274.037349537,+29.4,+23.0,+10.8,+11.5
43274.0380439815,+29.4,+23.0,+10.8,+11.5
43274.0387384259,+29.4,+23.0,+10.8,+11.5
43274.0394328704,+29.4,+23.0,+10.8,+11.5
43274.0401273148,+29.3,+22.9,+10.8,+11.5
43274.0408217593,+29.4,+23.0,+10.8,+11.5
43274.0415162037,+29.4,+23.0,+10.8,+11.5
43274.0422106481,+29.4,+23.1,+10.8,+11.5
43274.0429050926,+29.4,+23.0,+11.0,+11.5
43274.043599537,+29.4,+23.1,+11.0,+11.5
43274.0442939815,+29.4,+23.1,+10.8,+11.5
43274.0449884259,+29.4,+23.1,+10.8,+11.5
43274.0456828704,+29.3,+23.1,+11.0,+11.5
43274.0463773148,+29.4,+23.1,+11.0,+11.5
43274.0470717593,+29.4,+23.1,+10.8,+11.5
43274.0477662037,+29.3,+23.1,+10.8,+11.5
43274.0484606481,+29.3,+23.1,+11.0,+11.5
43274.0491550926,+29.3,+23.1,+11.0,+11.5
43274.049849537,+29.3,+23.1,+11.0,+11.5
43274.0505439815,+29.3,+23.1,+11.0,+11.5
43274.0512384259,+29.3,+23.1,+11.0,+11.5
43274.0519328704,+29.3,+23.1,+11.0,+11.5
43274.0526273148,+29.3,+23.1,+10.8,+11.5
43274.0533217593,+29.3,+23.1,+11.0,+11.5
43274.0540162037,+29.3,+23.1,+11.0,+11.5
43274.0547106481,+29.3,+23.1,+11.0,+11.5
43274.0554050926,+29.3,+23.1,+11.0,+11.5
43274.056099537,+29.3,+23.1,+11.0,+11.5
43274.0567939815,+29.3,+23.1,+11.0,+11.5
43274.0574884259,+29.3,+23.2,+11.0,+11.5
43274.0581828704,+29.3,+23.1,+11.0,+11.5
43274.0588773148,+29.3,+23.2,+11.0,+11.5
43274.0595717593,+29.3,+23.2,+11.0,+11.5
43274.0602662037,+29.3,+23.2,+11.0,+11.5
43274.0609606481,+29.3,+23.2,+11.0,+11.5
43274.0616550926,+29.3,+23.2,+11.0,+11.5
43274.062349537,+29.3,+23.2,+11.0,+11.5
43274.0630439815,+29.3,+23.2,+10.8,+11.5
43274.0637384259,+29.3,+23.2,+11.0,+11.5
43274.0644328704,+29.3,+23.2,+11.0,+11.5
43274.0651273148,+29.3,+23.2,+11.0,+11.5
43274.0658217593,+29.3,+23.2,+11.0,+11.5
43274.0665162037,+29.3,+23.2,+11.0,+11.5
43274.0672106482,+29.3,+23.2,+11.0,+11.5
43274.0679050926,+29.3,+23.2,+11.0,+11.5
43274.068599537,+29.3,+23.2,+11.0,+11.5
43274.0692939815,+29.3,+23.2,+11.0,+11.5
43274.0699884259,+29.3,+23.2,+10.8,+11.3
43274.0706828704,+29.3,+23.2,+11.0,+11.5
43274.0713773148,+29.3,+23.2,+11.0,+11.5
43274.0720717593,+29.3,+23.2,+11.0,+11.5
43274.0727662037,+29.3,+23.2,+11.0,+11.5
43274.0734606481,+29.3,+23.3,+11.0,+11.5
43274.0741550926,+29.3,+23.3,+11.0,+11.5
43274.074849537,+29.3,+23.3,+11.0,+11.5
43274.0755439815,+29.3,+23.3,+11.0,+11.5
43274.0762384259,+29.3,+23.3,+11.0,+11.5
43274.0769328704,+29.3,+23.3,+11.0,+11.5
43274.0776273148,+29.3,+23.3,+11.0,+11.5
43274.0783217593,+29.3,+23.3,+11.0,+11.5
43274.0790162037,+29.3,+23.3,+11.0,+11.5
43274.0797106481,+29.3,+23.3,+11.0,+11.5
43274.0804050926,+29.3,+23.3,+11.0,+11.5
43274.081099537,+29.3,+23.3,+11.0,+11.5
43274.0817939815,+29.3,+23.3,+11.0,+11.5
43274.0824884259,+29.3,+23.3,+11.0,+11.5
43274.0831828704,+29.3,+23.3,+11.0,+11.5
43274.0838773148,+29.3,+23.3,+11.0,+11.5
43274.0845717593,+29.3,+23.3,+11.0,+11.5
43274.0852662037,+29.3,+23.3,+11.0,+11.5
43274.0859606481,+29.3,+23.3,+11.0,+11.5
43274.0866550926,+29.3,+23.3,+11.0,+11.5
43274.087349537,+29.3,+23.3,+11.0,+11.5
43274.0880439815,+29.2,+23.3,+11.0,+11.5
43274.0887384259,+29.3,+23.3,+11.0,+11.5
43274.0894328704,+29.3,+23.4,+11.0,+11.5
43274.0901273148,+29.2,+23.4,+11.0,+11.5
43274.0908217593,+29.2,+23.4,+11.0,+11.5
43274.0915162037,+29.2,+23.3,+11.0,+11.5
43274.0922106481,+29.2,+23.4,+11.0,+11.5
43274.0929050926,+29.2,+23.4,+11.0,+11.5
43274.093599537,+29.2,+23.4,+11.0,+11.5
43274.0942939815,+29.2,+23.4,+11.0,+11.5
43274.0949884259,+29.2,+23.4,+11.0,+11.5
43274.0956828704,+29.2,+23.4,+11.0,+11.5
43274.0963773148,+29.2,+23.4,+11.0,+11.5
43274.0970717593,+29.2,+23.4,+10.8,+11.3
43274.0977662037,+29.2,+23.4,+11.0,+11.5
43274.0984606482,+29.2,+23.4,+11.0,+11.5
43274.0991550926,+29.2,+23.4,+11.0,+11.5
43274.099849537,+29.2,+23.4,+11.0,+11.5
43274.1005439815,+29.2,+23.4,+11.0,+11.5
43274.1012384259,+29.2,+23.4,+11.0,+11.5
43274.1019328704,+29.2,+23.4,+11.0,+11.5
43274.1026273148,+29.2,+23.4,+11.0,+11.5
43274.1033217593,+29.2,+23.4,+11.0,+11.5
43274.1040162037,+29.2,+23.4,+11.0,+11.5
43274.1047106481,+29.2,+23.4,+11.0,+11.5
43274.1054050926,+29.2,+23.4,+11.0,+11.5
43274.106099537,+29.2,+23.4,+11.0,+11.5
43274.1067939815,+29.2,+23.4,+10.8,+11.3
43274.1074884259,+29.2,+23.4,+11.0,+11.5
43274.1081828704,+29.2,+23.5,+11.0,+11.5
43274.1088773148,+29.2,+23.5,+11.0,+11.5
43274.1095717593,+29.2,+23.4,+11.0,+11.5
43274.1102662037,+29.2,+23.5,+11.0,+11.5
43274.1109606481,+29.2,+23.5,+11.0,+11.5
43274.1116550926,+29.2,+23.5,+11.0,+11.5
43274.112349537,+29.2,+23.5,+11.0,+11.5
43274.1130439815,+29.2,+23.5,+11.0,+11.5
43274.1137384259,+29.2,+23.5,+11.0,+11.5
43274.1144328704,+29.2,+23.5,+11.0,+11.5
43274.1151273148,+29.2,+23.5,+11.0,+11.5
43274.1158217593,+29.2,+23.5,+11.0,+11.5
43274.1165162037,+29.2,+23.5,+11.0,+11.5
43274.1172106481,+29.2,+23.5,+11.0,+11.5
43274.1179050926,+29.2,+23.5,+11.0,+11.5
43274.118599537,+29.2,+23.5,+11.0,+11.5
43274.1192939815,+29.2,+23.5,+11.0,+11.5
43274.1199884259,+29.2,+23.5,+11.0,+11.5
43274.1206828704,+29.2,+23.5,+11.0,+11.5
43274.1213773148,+29.2,+23.5,+11.0,+11.5
43274.1220717593,+29.2,+23.5,+11.0,+11.5
43274.1227662037,+29.2,+23.5,+11.0,+11.5
43274.1234606481,+29.2,+23.5,+11.0,+11.5
43274.1241550926,+29.2,+23.5,+11.0,+11.5
43274.124849537,+29.2,+23.5,+11.0,+11.5
43274.1255439815,+29.2,+23.5,+11.0,+11.5
43274.1262384259,+29.2,+23.5,+11.0,+11.5
43274.1269328704,+29.1,+23.4,+11.0,+11.5
43274.1276273148,+29.2,+23.5,+11.0,+11.5
43274.1283217593,+29.2,+23.6,+11.0,+11.5
43274.1290162037,+29.2,+23.6,+11.0,+11.5
43274.1297106482,+29.2,+23.6,+11.0,+11.5
43274.1304050926,+29.2,+23.6,+11.0,+11.5
43274.131099537,+29.2,+23.6,+11.0,+11.5
43274.1317939815,+29.2,+23.6,+11.0,+11.5
43274.1324884259,+29.2,+23.6,+10.8,+11.5
43274.1331828704,+29.2,+23.6,+11.0,+11.5
43274.1338773148,+29.2,+23.6,+11.0,+11.5
43274.1345717593,+29.2,+23.6,+11.0,+11.5
43274.1352662037,+29.2,+23.6,+11.0,+11.5
43274.1359606481,+29.2,+23.6,+11.0,+11.5
43274.1366550926,+29.2,+23.5,+11.0,+11.5
