43272.8656944444,+26.8,+10.7,+9.0,+10.3
43272.8663888889,+26.8,+10.7,+9.0,+10.3
43272.8670833333,+26.8,+10.7,+9.0,+10.3
43272.8677777778,+26.8,+10.7,+9.0,+10.3
43272.8684722222,+26.8,+10.7,+9.0,+10.3
43272.8691666667,+26.8,+10.7,+9.0,+10.3
43272.8698611111,+26.8,+10.7,+9.0,+10.3
43272.8705555556,+26.8,+10.7,+9.0,+10.3
43272.87125,+26.8,+10.7,+9.0,+10.3
43272.8719444444,+26.8,+10.7,+9.0,+10.3
43272.8726388889,+26.8,+10.8,+9.1,+10.3
43272.8733333333,+26.8,+10.8,+9.0,+10.2
43272.8740277778,+26.8,+10.8,+9.0,+10.3
43272.8747222222,+26.8,+10.8,+9.0,+10.3
43272.8754166667,+26.7,+10.7,+9.0,+10.3
43272.8761111111,+26.8,+10.8,+9.0,+10.3
43272.8768055556,+26.8,+10.8,+9.1,+10.3
43272.8775,+26.7,+10.7,+9.1,+10.3
43272.8781944444,+26.8,+10.8,+9.1,+10.3
43272.8788888889,+26.8,+10.8,+9.1,+10.3
43272.8795833333,+26.8,+10.8,+9.1,+10.3
43272.8802777778,+26.8,+10.8,+9.1,+10.3
43272.8809722222,+26.8,+10.8,+9.1,+10.3
43272.8816666667,+26.8,+10.8,+9.1,+10.3
43272.8823611111,+26.8,+10.8,+9.1,+10.3
43272.8830555556,+26.8,+10.8,+9.1,+10.3
43272.88375,+26.8,+10.8,+9.1,+10.3
43272.8844444444,+26.8,+10.9,+9.1,+10.3
43272.8851388889,+26.8,+10.9,+9.1,+10.3
43272.8858333333,+26.8,+10.9,+9.1,+10.3
43272.8865277778,+26.8,+10.9,+9.1,+10.3
43272.8872222222,+26.8,+10.9,+9.0,+10.3
43272.8879166667,+26.8,+10.9,+9.1,+10.3
43272.8886111111,+26.8,+10.9,+9.1,+10.3
43272.8893055556,+26.7,+10.8,+9.1,+10.3
43272.89,+26.8,+10.9,+9.1,+10.3
43272.8906944444,+26.8,+10.9,+9.1,+10.3
43272.8913888889,+26.7,+10.9,+9.1,+10.3
43272.8920833333,+26.7,+10.9,+9.1,+10.3
43272.8927777778,+26.7,+10.9,+9.1,+10.3
43272.8934722222,+26.7,+10.9,+9.1,+10.3
43272.8941666667,+26.7,+10.9,+9.1,+10.3
43272.8948611111,+26.7,+10.9,+9.1,+10.3
43272.8955555556,+26.7,+10.9,+9.1,+10.3
43272.89625,+26.7,+10.9,+9.1,+10.3
43272.8969444444,+26.7,+10.9,+9.1,+10.3
43272.8976388889,+26.7,+10.9,+9.1,+10.3
43272.8983333333,+26.7,+10.9,+9.1,+10.3
43272.8990277778,+26.7,+10.9,+9.1,+10.3
43272.8997222222,+26.7,+11.0,+9.1,+10.3
43272.9004166667,+26.7,+11.0,+9.1,+10.3
43272.9011111111,+26.7,+11.0,+9.1,+10.3
43272.9018055556,+26.7,+11.0,+9.1,+10.3
43272.9025,+26.6,+10.9,+9.1,+10.3
43272.9031944444,+26.7,+11.0,+9.1,+10.3
43272.9038888889,+26.7,+11.0,+9.1,+10.3
43272.9045833333,+26.7,+11.0,+9.1,+10.3
43272.9052777778,+26.7,+11.0,+9.1,+10.3
43272.9059722222,+26.7,+11.0,+9.1,+10.3
43272.9066666667,+26.7,+11.0,+9.1,+10.3
43272.9073611111,+26.7,+11.0,+9.1,+10.3
43272.9080555556,+26.7,+11.0,+9.1,+10.3
43272.90875,+26.7,+11.0,+9.1,+10.3
43272.9094444444,+26.6,+10.9,+9.1,+10.3
43272.9101388889,+26.7,+11.0,+9.1,+10.3
43272.9108333333,+26.7,+11.0,+9.1,+10.3
43272.9115277778,+26.7,+11.0,+9.1,+10.3
43272.9122222222,+26.7,+11.0,+9.1,+10.3
43272.9129166667,+26.7,+11.1,+9.1,+10.3
43272.9136111111,+26.7,+11.1,+9.1,+10.3
43272.9143055556,+26.7,+11.1,+9.1,+10.3
43272.915,+26.7,+11.1,+9.1,+10.3
43272.9156944444,+26.7,+11.1,+9.1,+10.3
43272.9163888889,+26.7,+11.1,+9.1,+10.3
43272.9170833333,+26.6,+11.0,+9.1,+10.3
43272.9177777778,+26.7,+11.1,+9.1,+10.3
43272.9184722222,+26.7,+11.1,+9.1,+10.5
43272.9191666667,+26.7,+11.1,+9.1,+10.3
43272.9198611111,+26.7,+11.1,+9.1,+10.3
43272.9205555556,+26.7,+11.1,+9.1,+10.5
43272.92125,+26.6,+11.1,+9.1,+10.3
43272.9219444444,+26.6,+11.0,+9.1,+10.3
43272.9226388889,+26.6,+11.1,+9.1,+10.3
43272.9233333333,+26.6,+11.0,+9.1,+10.3
43272.9240277778,+26.6,+11.1,+9.1,+10.3
43272.9247222222,+26.6,+11.1,+9.1,+10.5
43272.9254166667,+26.6,+11.1,+9.1,+10.3
43272.9261111111,+26.6,+11.2,+9.1,+10.5
43272.9268055556,+26.6,+11.1,+9.1,+10.3
43272.9275,+26.6,+11.2,+9.1,+10.5
43272.9281944444,+26.6,+11.2,+9.1,+10.5
43272.9288888889,+26.6,+11.2,+9.1,+10.5
43272.9295833333,+26.6,+11.2,+9.1,+10.3
43272.9302777778,+26.6,+11.2,+9.1,+10.5
43272.9309722222,+26.6,+11.2,+9.1,+10.3
43272.9316666667,+26.6,+11.2,+9.1,+10.5
43272.9323611111,+26.6,+11.2,+9.1,+10.5
43272.9330555556,+26.6,+11.2,+9.2,+10.5
43272.93375,+26.6,+11.2,+9.2,+10.5
43272.9344444444,+26.6,+11.2,+9.1,+10.5
43272.9351388889,+26.6,+11.2,+9.2,+10.5
43272.9358333333,+26.6,+11.2,+9.2,+10.5
43272.9365277778,+26.6,+11.2,+9.2,+10.5
43272.9372222222,+26.6,+11.2,+9.2,+10.5
43272.9379166667,+26.6,+11.2,+9.2,+10.3
43272.9386111111,+26.6,+11.2,+9.2,+10.5
43272.9393055556,+26.6,+11.2,+9.2,+10.5
43272.94,+26.6,+11.2,+9.2,+10.5
43272.9406944444,+26.6,+11.2,+9.2,+10.5
43272.9413888889,+26.6,+11.2,+9.2,+10.5
43272.9420833333,+26.6,+11.3,+9.2,+10.5
43272.9427777778,+26.6,+11.3,+9.2,+10.5
43272.9434722222,+26.6,+11.3,+9.2,+10.5
43272.9441666667,+26.6,+11.3,+9.2,+10.5
43272.9448611111,+26.6,+11.3,+9.2,+10.5
43272.9455555556,+26.6,+11.3,+9.2,+10.5
43272.94625,+26.6,+11.3,+9.2,+10.5
43272.9469444444,+26.5,+11.2,+9.2,+10.5
43272.9476388889,+26.6,+11.3,+9.2,+10.5
43272.9483333333,+26.6,+11.3,+9.2,+10.5
43272.9490277778,+26.6,+11.3,+9.2,+10.5
43272.9497222222,+26.6,+11.3,+9.2,+10.5
43272.9504166667,+26.6,+11.3,+9.2,+10.5
43272.9511111111,+26.6,+11.3,+9.2,+10.5
43272.9518055556,+26.6,+11.3,+9.2,+10.5
43272.9525,+26.6,+11.3,+9.2,+10.5
43272.9531944444,+26.6,+11.3,+9.2,+10.5
43272.9538888889,+26.6,+11.3,+9.2,+10.5
43272.9545833333,+26.6,+11.3,+9.2,+10.5
43272.9552777778,+26.6,+11.3,+9.2,+10.5
43272.9559722222,+26.6,+11.3,+9.2,+10.5
43272.9566666667,+26.6,+11.3,+9.2,+10.5
43272.9573611111,+26.6,+11.4,+9.2,+10.5
43272.9580555556,+26.6,+11.3,+9.2,+10.5
43272.95875,+26.6,+11.3,+9.2,+10.5
43272.9594444444,+26.5,+11.4,+9.2,+10.5
43272.9601388889,+26.5,+11.4,+9.2,+10.5
43272.9608333333,+26.5,+11.3,+9.2,+10.5
43272.9615277778,+26.5,+11.4,+9.2,+10.5
43272.9622222222,+26.5,+11.4,+9.2,+10.5
43272.9629166667,+26.5,+11.4,+9.2,+10.5
43272.9636111111,+26.5,+11.4,+9.2,+10.5
43272.9643055556,+26.5,+11.4,+9.2,+10.5
43272.965,+26.5,+11.4,+9.2,+10.5
43272.9656944444,+26.5,+11.4,+9.2,+10.5
43272.9663888889,+26.5,+11.4,+9.2,+10.5
43272.9670833333,+26.5,+11.4,+9.2,+10.5
43272.9677777778,+26.5,+11.4,+9.2,+10.5
43272.9684722222,+26.5,+11.4,+9.2,+10.5
43272.9691666667,+26.5,+11.4,+9.2,+10.5
43272.9698611111,+26.5,+11.4,+9.2,+10.5
43272.9705555556,+26.5,+11.4,+9.2,+10.5
43272.97125,+26.5,+11.4,+9.2,+10.5
43272.9719444444,+26.5,+11.3,+9.2,+10.5
43272.9726388889,+26.5,+11.4,+9.2,+10.5
43272.9733333333,+26.5,+11.4,+9.2,+10.5
43272.9740277778,+26.5,+11.4,+9.2,+10.5
43272.9747222222,+26.5,+11.5,+9.2,+10.5
43272.9754166667,+26.5,+11.5,+9.2,+10.5
43272.9761111111,+26.5,+11.5,+9.2,+10.5
43272.9768055556,+26.5,+11.5,+9.2,+10.5
43272.9775,+26.5,+11.5,+9.2,+10.5
43272.9781944444,+26.5,+11.5,+9.2,+10.5
43272.9788888889,+26.5,+11.5,+9.2,+10.5
43272.9795833333,+26.5,+11.5,+9.2,+10.5
43272.9802777778,+26.5,+11.5,+9.2,+10.5
43272.9809722222,+26.5,+11.5,+9.2,+10.5
43272.9816666667,+26.5,+11.5,+9.2,+10.5
43272.9823611111,+26.5,+11.5,+9.2,+10.5
43272.9830555556,+26.5,+11.5,+9.2,+10.5
43272.98375,+26.5,+11.5,+9.2,+10.5
43272.9844444444,+26.5,+11.5,+9.2,+10.5
43272.9851388889,+26.5,+11.5,+9.2,+10.5
43272.9858333333,+26.5,+11.5,+9.2,+10.5
43272.9865277778,+26.5,+11.5,+9.2,+10.5
43272.9872222222,+26.5,+11.5,+9.2,+10.5
43272.9879166667,+26.5,+11.5,+9.2,+10.5
43272.9886111111,+26.5,+11.5,+9.2,+10.5
43272.9893055556,+26.5,+11.5,+9.2,+10.5
43272.99,+26.5,+11.5,+9.2,+10.5
43272.9906944444,+26.5,+11.5,+9.2,+10.5
43272.9913888889,+26.5,+11.5,+9.3,+10.5
43272.9920833333,+26.5,+11.5,+9.2,+10.5
43272.9927777778,+26.5,+11.6,+9.2,+10.5
43272.9934722222,+26.5,+11.5,+9.2,+10.5
43272.9941666667,+26.5,+11.6,+9.2,+10.5
43272.9948611111,+26.5,+11.6,+9.2,+10.5
43272.9955555556,+26.5,+11.6,+9.2,+10.5
43272.99625,+26.5,+11.6,+9.2,+10.5
43272.9969444444,+26.5,+11.6,+9.2,+10.5
43272.9976388889,+26.5,+11.6,+9.2,+10.5
43272.9983333333,+26.5,+11.6,+9.3,+10.5
43272.9990277778,+26.5,+11.6,+9.3,+10.5
43272.9997222222,+26.5,+11.6,+9.3,+10.5
43273.0004166667,+26.5,+11.6,+9.3,+10.5
43273.0011111111,+26.5,+11.6,+9.3,+10.5
43273.0018055556,+26.5,+11.6,+9.3,+10.5
43273.0025,+26.4,+11.5,+9.3,+10.5
43273.0031944444,+26.5,+11.6,+9.3,+10.5
43273.0038888889,+26.5,+11.6,+9.3,+10.5
43273.0045833333,+26.5,+11.6,+9.3,+10.5
43273.0052777778,+26.5,+11.6,+9.3,+10.5
43273.0059722222,+26.5,+11.6,+9.3,+10.5
43273.0066666667,+26.5,+11.6,+9.3,+10.5
43273.0073611111,+26.5,+11.6,+9.3,+10.5
43273.0080555556,+26.5,+11.6,+9.3,+10.5
43273.00875,+26.5,+11.6,+9.3,+10.5
43273.0094444444,+26.5,+11.6,+9.3,+10.5
43273.0101388889,+26.5,+11.6,+9.3,+10.5
43273.0108333333,+26.5,+11.6,+9.3,+10.5
43273.0115277778,+26.5,+11.6,+9.3,+10.5
43273.0122222222,+26.5,+11.6,+9.3,+10.5
43273.0129166667,+26.5,+11.7,+9.3,+10.5
43273.0136111111,+26.5,+11.7,+9.3,+10.5
43273.0143055556,+26.5,+11.7,+9.3,+10.5
43273.015,+26.5,+11.7,+9.3,+10.5
43273.0156944444,+26.5,+11.7,+9.3,+10.5
43273.0163888889,+26.5,+11.7,+9.3,+10.5
43273.0170833333,+26.5,+11.7,+9.3,+10.5
43273.0177777778,+26.5,+11.7,+9.3,+10.5
43273.0184722222,+26.4,+11.7,+9.3,+10.5
43273.0191666667,+26.4,+11.7,+9.3,+10.5
43273.0198611111,+26.4,+11.7,+9.3,+10.5
43273.0205555556,+26.4,+11.7,+9.3,+10.5
43273.02125,+26.4,+11.7,+9.3,+10.5
43273.0219444444,+26.4,+11.7,+9.3,+10.5
43273.0226388889,+26.4,+11.7,+9.3,+10.5
43273.0233333333,+26.4,+11.7,+9.3,+10.5
43273.0240277778,+26.4,+11.7,+9.3,+10.5
43273.0247222222,+26.4,+11.7,+9.3,+10.5
43273.0254166667,+26.4,+11.7,+9.3,+10.5
43273.0261111111,+26.4,+11.7,+9.3,+10.5
43273.0268055556,+26.4,+11.7,+9.3,+10.5
43273.0275,+26.4,+11.7,+9.3,+10.5
43273.0281944444,+26.4,+11.7,+9.3,+10.5
43273.0288888889,+26.4,+11.7,+9.3,+10.5
43273.0295833333,+26.4,+11.7,+9.3,+10.5
43273.0302777778,+26.4,+11.7,+9.3,+10.5
43273.0309722222,+26.4,+11.8,+9.3,+10.5
43273.0316666667,+26.4,+11.8,+9.3,+10.5
43273.0323611111,+26.4,+11.8,+9.3,+10.5
43273.0330555556,+26.4,+11.8,+9.3,+10.5
43273.03375,+26.4,+11.8,+9.3,+10.5
43273.0344444444,+26.4,+11.8,+9.3,+10.5
43273.0351388889,+26.4,+11.8,+9.3,+10.5
43273.0358333333,+26.4,+11.8,+9.3,+10.5
43273.0365277778,+26.4,+11.8,+9.3,+10.5
43273.0372222222,+26.4,+11.8,+9.3,+10.5
43273.0379166667,+26.4,+11.8,+9.3,+10.5
43273.0386111111,+26.4,+11.8,+9.3,+10.5
43273.0393055556,+26.4,+11.8,+9.3,+10.5
43273.04,+26.4,+11.8,+9.3,+10.5
43273.0406944444,+26.4,+11.8,+9.3,+10.5
43273.0413888889,+26.4,+11.8,+9.3,+10.5
43273.0420833333,+26.4,+11.8,+9.3,+10.5
43273.0427777778,+26.4,+11.8,+9.3,+10.5
43273.0434722222,+26.4,+11.8,+9.3,+10.5
43273.0441666667,+26.4,+11.8,+9.3,+10.5
43273.0448611111,+26.4,+11.8,+9.3,+10.5
43273.0455555556,+26.4,+11.8,+9.3,+10.5
43273.04625,+26.4,+11.8,+9.3,+10.5
43273.0469444444,+26.4,+11.8,+9.3,+10.5
43273.0476388889,+26.4,+11.8,+9.3,+10.5
43273.0483333333,+26.4,+11.8,+9.3,+10.5
43273.0490277778,+26.4,+11.8,+9.3,+10.5
43273.0497222222,+26.4,+11.8,+9.3,+10.5
43273.0504166667,+26.4,+11.8,+9.3,+10.5
43273.0511111111,+26.4,+11.8,+9.3,+10.5
43273.0518055556,+26.4,+11.9,+9.3,+10.5
43273.0525,+26.4,+11.8,+9.3,+10.5
43273.0531944444,+26.4,+11.9,+9.3,+10.5
43273.0538888889,+26.4,+11.8,+9.5,+10.5
43273.0545833333,+26.4,+11.9,+9.3,+10.5
43273.0552777778,+26.4,+11.9,+9.5,+10.5
43273.0559722222,+26.4,+11.9,+9.3,+10.5
43273.0566666667,+26.4,+11.9,+9.3,+10.5
43273.0573611111,+26.4,+11.9,+9.3,+10.5
43273.0580555556,+26.4,+11.9,+9.5,+10.5
43273.05875,+26.4,+11.9,+9.5,+10.5
43273.0594444444,+26.4,+11.9,+9.3,+10.5
43273.0601388889,+26.4,+11.9,+9.5,+10.5
43273.0608333333,+26.4,+11.9,+9.5,+10.5
43273.0615277778,+26.4,+11.9,+9.5,+10.5
43273.0622222222,+26.4,+11.9,+9.5,+10.5
43273.0629166667,+26.4,+11.9,+9.5,+10.5
43273.0636111111,+26.4,+11.9,+9.5,+10.5
43273.0643055556,+26.4,+11.9,+9.5,+10.5
43273.065,+26.4,+11.9,+9.5,+10.5
43273.0656944444,+26.4,+11.9,+9.5,+10.5
43273.0663888889,+26.4,+11.9,+9.5,+10.5
43273.0670833333,+26.4,+11.9,+9.5,+10.5
43273.0677777778,+26.4,+11.9,+9.5,+10.5
43273.0684722222,+26.3,+11.8,+9.5,+10.5
43273.0691666667,+26.4,+11.9,+9.5,+10.5
43273.0698611111,+26.4,+11.9,+9.5,+10.5
43273.0705555556,+26.4,+11.9,+9.5,+10.5
43273.07125,+26.4,+11.9,+9.5,+10.5
43273.0719444444,+26.4,+11.9,+9.5,+10.5
43273.0726388889,+26.4,+11.9,+9.5,+10.5
43273.0733333333,+26.4,+11.9,+9.5,+10.5
43273.0740277778,+26.4,+11.9,+9.5,+10.6
43273.0747222222,+26.4,+11.9,+9.5,+10.5
43273.0754166667,+26.4,+12.0,+9.5,+10.5
43273.0761111111,+26.4,+11.9,+9.5,+10.6
43273.0768055556,+26.4,+12.0,+9.5,+10.5
43273.0775,+26.4,+12.0,+9.5,+10.5
43273.0781944444,+26.4,+12.0,+9.5,+10.6
43273.0788888889,+26.4,+12.0,+9.5,+10.6
43273.0795833333,+26.4,+12.0,+9.5,+10.6
43273.0802777778,+26.4,+12.0,+9.5,+10.5
43273.0809722222,+26.4,+12.0,+9.5,+10.5
43273.0816666667,+26.3,+11.9,+9.5,+10.6
43273.0823611111,+26.4,+12.0,+9.5,+10.6
43273.0830555556,+26.4,+12.0,+9.5,+10.5
43273.08375,+26.4,+12.0,+9.5,+10.6
43273.0844444444,+26.4,+12.0,+9.5,+10.5
43273.0851388889,+26.4,+12.0,+9.5,+10.6
43273.0858333333,+26.4,+12.0,+9.5,+10.6
43273.0865277778,+26.4,+12.0,+9.5,+10.6
43273.0872222222,+26.4,+12.0,+9.5,+10.6
43273.0879166667,+26.4,+12.0,+9.5,+10.6
43273.0886111111,+26.4,+12.0,+9.5,+10.6
43273.0893055556,+26.4,+12.0,+9.5,+10.6
43273.09,+26.4,+12.0,+9.5,+10.6
43273.0906944444,+26.4,+12.0,+9.5,+10.6
43273.0913888889,+26.4,+12.0,+9.5,+10.6
43273.0920833333,+26.4,+12.0,+9.5,+10.6
43273.0927777778,+26.4,+12.0,+9.5,+10.6
43273.0934722222,+26.4,+12.0,+9.5,+10.6
43273.0941666667,+26.4,+12.0,+9.5,+10.6
43273.0948611111,+26.4,+12.0,+9.5,+10.6
43273.0955555556,+26.4,+12.0,+9.5,+10.6
43273.09625,+26.4,+12.0,+9.5,+10.6
43273.0969444444,+26.4,+12.0,+9.5,+10.6
43273.0976388889,+26.4,+12.0,+9.5,+10.6
43273.0983333333,+26.4,+12.0,+9.5,+10.6
43273.0990277778,+26.4,+12.1,+9.5,+10.6
43273.0997222222,+26.3,+12.1,+9.5,+10.6
43273.1004166667,+26.3,+12.1,+9.5,+10.6
43273.1011111111,+26.4,+12.1,+9.5,+10.6
43273.1018055556,+26.3,+12.1,+9.5,+10.6
43273.1025,+26.3,+12.1,+9.5,+10.6
43273.1031944444,+26.3,+12.1,+9.5,+10.6
43273.1038888889,+26.3,+12.0,+9.5,+10.6
43273.1045833333,+26.3,+12.1,+9.5,+10.6
43273.1052777778,+26.3,+12.1,+9.5,+10.6
43273.1059722222,+26.3,+12.1,+9.5,+10.6
43273.1066666667,+26.3,+12.1,+9.5,+10.6
43273.1073611111,+26.4,+12.1,+9.5,+10.6
43273.1080555556,+26.3,+12.1,+9.5,+10.6
43273.10875,+26.3,+12.1,+9.5,+10.6
43273.1094444444,+26.3,+12.1,+9.5,+10.6
43273.1101388889,+26.3,+12.1,+9.5,+10.6
43273.1108333333,+26.3,+12.1,+9.5,+10.6
43273.1115277778,+26.3,+12.1,+9.5,+10.6
43273.1122222222,+26.3,+12.1,+9.5,+10.6
43273.1129166667,+26.3,+12.1,+9.5,+10.6
43273.1136111111,+26.3,+12.1,+9.5,+10.6
43273.1143055556,+26.3,+12.1,+9.5,+10.6
43273.115,+26.3,+12.1,+9.5,+10.6
43273.1156944444,+26.3,+12.1,+9.5,+10.6
43273.1163888889,+26.3,+12.1,+9.5,+10.6
43273.1170833333,+26.3,+12.1,+9.5,+10.6
43273.1177777778,+26.3,+12.1,+9.5,+10.6
43273.1184722222,+26.3,+12.1,+9.5,+10.6
43273.1191666667,+26.3,+12.1,+9.5,+10.6
43273.1198611111,+26.3,+12.1,+9.5,+10.6
43273.1205555556,+26.3,+12.1,+9.5,+10.6
43273.12125,+26.3,+12.1,+9.5,+10.6
43273.1219444444,+26.3,+12.1,+9.5,+10.6
43273.1226388889,+26.3,+12.1,+9.5,+10.6
43273.1233333333,+26.3,+12.0,+9.5,+10.6
43273.1240277778,+26.3,+12.1,+9.5,+10.6
43273.1247222222,+26.3,+12.2,+9.5,+10.6
43273.1254166667,+26.3,+12.1,+9.5,+10.6
43273.1261111111,+26.3,+12.2,+9.5,+10.6
43273.1268055556,+26.3,+12.2,+9.5,+10.6
43273.1275,+26.3,+12.2,+9.5,+10.6
43273.1281944444,+26.3,+12.2,+9.5,+10.6
43273.1288888889,+26.3,+12.2,+9.5,+10.6
43273.1295833333,+26.3,+12.2,+9.5,+10.6
43273.1302777778,+26.3,+12.2,+9.5,+10.6
43273.1309722222,+26.3,+12.2,+9.5,+10.6
43273.1316666667,+26.3,+12.2,+9.5,+10.6
43273.1323611111,+26.3,+12.2,+9.5,+10.6
43273.1330555556,+26.3,+12.2,+9.5,+10.6
43273.13375,+26.3,+12.2,+9.5,+10.6
43273.1344444444,+26.3,+12.2,+9.5,+10.6
43273.1351388889,+26.3,+12.2,+9.5,+10.6
43273.1358333333,+26.3,+12.2,+9.5,+10.6
43273.1365277778,+26.3,+12.2,+9.5,+10.6
43273.1372222222,+26.3,+12.2,+9.5,+10.6
43273.1379166667,+26.3,+12.2,+9.5,+10.6
43273.1386111111,+26.3,+12.2,+9.5,+10.6
43273.1393055556,+26.3,+12.2,+9.5,+10.6
43273.14,+26.3,+12.2,+9.5,+10.6
43273.1406944444,+26.3,+12.2,+9.5,+10.6
43273.1413888889,+26.3,+12.2,+9.5,+10.6
43273.1420833333,+26.3,+12.2,+9.5,+10.6
43273.1427777778,+26.3,+12.2,+9.5,+10.6
43273.1434722222,+26.3,+12.2,+9.5,+10.6
43273.1441666667,+26.3,+12.2,+9.5,+10.6
43273.1448611111,+26.3,+12.2,+9.5,+10.6
43273.1455555556,+26.3,+12.2,+9.5,+10.6
43273.14625,+26.3,+12.2,+9.5,+10.6
43273.1469444444,+26.3,+12.2,+9.5,+10.6
43273.1476388889,+26.3,+12.2,+9.5,+10.6
43273.1483333333,+26.3,+12.2,+9.5,+10.6
43273.1490277778,+26.3,+12.2,+9.5,+10.6
43273.1497222222,+26.3,+12.2,+9.5,+10.6
43273.1504166667,+26.3,+12.3,+9.5,+10.6
43273.1511111111,+26.3,+12.3,+9.5,+10.6
43273.1518055556,+26.3,+12.3,+9.5,+10.6
43273.1525,+26.3,+12.3,+9.5,+10.6
43273.1531944444,+26.3,+12.3,+9.5,+10.6
43273.1538888889,+26.3,+12.3,+9.5,+10.6
43273.1545833333,+26.3,+12.3,+9.5,+10.6
43273.1552777778,+26.3,+12.3,+9.5,+10.6
43273.1559722222,+26.3,+12.3,+9.5,+10.6
43273.1566666667,+26.3,+12.3,+9.5,+10.6
43273.1573611111,+26.3,+12.2,+9.5,+10.6
43273.1580555556,+26.3,+12.3,+9.5,+10.6
43273.15875,+26.3,+12.3,+9.5,+10.7
43273.1594444444,+26.3,+12.3,+9.5,+10.7
43273.1601388889,+26.3,+12.3,+9.5,+10.6
43273.1608333333,+26.3,+12.3,+9.5,+10.7
43273.1615277778,+26.3,+12.3,+9.5,+10.6
43273.1622222222,+26.3,+12.3,+9.5,+10.6
43273.1629166667,+26.3,+12.3,+9.5,+10.6
43273.1636111111,+26.3,+12.3,+9.5,+10.7
43273.1643055556,+26.3,+12.3,+9.5,+10.7
43273.165,+26.3,+12.3,+9.5,+10.6
43273.1656944444,+26.3,+12.3,+9.5,+10.6
43273.1663888889,+26.3,+12.3,+9.5,+10.7
43273.1670833333,+26.3,+12.3,+9.5,+10.7
43273.1677777778,+26.3,+12.3,+9.5,+10.7
43273.1684722222,+26.3,+12.3,+9.5,+10.7
43273.1691666667,+26.3,+12.3,+9.5,+10.7
43273.1698611111,+26.3,+12.3,+9.5,+10.7
43273.1705555556,+26.3,+12.3,+9.5,+10.7
43273.17125,+26.3,+12.3,+9.5,+10.7
43273.1719444444,+26.3,+12.3,+9.5,+10.7
43273.1726388889,+26.3,+12.3,+9.5,+10.7
43273.1733333333,+26.3,+12.3,+9.5,+10.7
43273.1740277778,+26.3,+12.3,+9.5,+10.6
43273.1747222222,+26.3,+12.3,+9.5,+10.7
43273.1754166667,+26.3,+12.3,+9.5,+10.7
43273.1761111111,+26.3,+12.3,+9.5,+10.7
43273.1768055556,+26.3,+12.4,+9.5,+10.7
43273.1775,+26.3,+12.4,+9.5,+10.7
43273.1781944444,+26.3,+12.4,+9.5,+10.7
43273.1788888889,+26.3,+12.4,+9.5,+10.7
43273.1795833333,+26.3,+12.4,+9.5,+10.7
43273.1802777778,+26.3,+12.4,+9.5,+10.7
43273.1809722222,+26.3,+12.4,+9.5,+10.7
43273.1816666667,+26.3,+12.4,+9.5,+10.7
43273.1823611111,+26.3,+12.4,+9.6,+10.7
43273.1830555556,+26.3,+12.4,+9.5,+10.7
43273.18375,+26.3,+12.4,+9.6,+10.7
43273.1844444444,+26.3,+12.4,+9.6,+10.7
43273.1851388889,+26.3,+12.4,+9.6,+10.7
43273.1858333333,+26.3,+12.4,+9.5,+10.7
43273.1865277778,+26.3,+12.4,+9.5,+10.7
43273.1872222222,+26.3,+12.4,+9.6,+10.7
43273.1879166667,+26.3,+12.4,+9.6,+10.7
43273.1886111111,+26.3,+12.4,+9.5,+10.7
43273.1893055556,+26.3,+12.4,+9.6,+10.7
43273.19,+26.3,+12.4,+9.6,+10.7
43273.1906944444,+26.3,+12.4,+9.6,+10.7
43273.1913888889,+26.3,+12.4,+9.6,+10.7
43273.1920833333,+26.3,+12.4,+9.6,+10.7
43273.1927777778,+26.3,+12.4,+9.6,+10.7
43273.1934722222,+26.3,+12.4,+9.6,+10.7
43273.1941666667,+26.3,+12.4,+9.6,+10.7
43273.1948611111,+26.3,+12.4,+9.6,+10.7
43273.1955555556,+26.2,+12.3,+9.6,+10.7
43273.19625,+26.3,+12.4,+9.6,+10.7
43273.1969444444,+26.3,+12.4,+9.6,+10.7
43273.1976388889,+26.3,+12.4,+9.6,+10.7
43273.1983333333,+26.3,+12.4,+9.6,+10.7
43273.1990277778,+26.3,+12.4,+9.6,+10.7
43273.1997222222,+26.3,+12.4,+9.6,+10.7
43273.2004166667,+26.3,+12.4,+9.6,+10.7
43273.2011111111,+26.3,+12.4,+9.6,+10.6
43273.2018055556,+26.3,+12.4,+9.6,+10.7
43273.2025,+26.3,+12.5,+9.6,+10.7
43273.2031944444,+26.3,+12.4,+9.6,+10.7
43273.2038888889,+26.3,+12.4,+9.6,+10.7
43273.2045833333,+26.3,+12.5,+9.6,+10.7
43273.2052777778,+26.3,+12.5,+9.6,+10.7
43273.2059722222,+26.3,+12.5,+9.6,+10.7
43273.2066666667,+26.3,+12.5,+9.6,+10.7
43273.2073611111,+26.3,+12.5,+9.6,+10.7
43273.2080555556,+26.3,+12.5,+9.6,+10.7
43273.20875,+26.3,+12.5,+9.6,+10.7
43273.2094444444,+26.3,+12.5,+9.6,+10.7
43273.2101388889,+26.3,+12.5,+9.6,+10.7
43273.2108333333,+26.3,+12.5,+9.6,+10.7
43273.2115277778,+26.3,+12.5,+9.6,+10.7
43273.2122222222,+26.3,+12.5,+9.6,+10.7
43273.2129166667,+26.3,+12.5,+9.6,+10.7
43273.2136111111,+26.3,+12.5,+9.6,+10.7
43273.2143055556,+26.3,+12.5,+9.6,+10.7
43273.215,+26.3,+12.5,+9.6,+10.7
43273.2156944444,+26.3,+12.5,+9.6,+10.7
43273.2163888889,+26.2,+12.4,+9.6,+10.7
43273.2170833333,+26.3,+12.5,+9.6,+10.7
43273.2177777778,+26.3,+12.5,+9.6,+10.7
43273.2184722222,+26.3,+12.5,+9.6,+10.7
43273.2191666667,+26.3,+12.5,+9.6,+10.7
43273.2198611111,+26.3,+12.5,+9.6,+10.7
43273.2205555556,+26.3,+12.5,+9.6,+10.7
43273.22125,+26.3,+12.5,+9.6,+10.7
43273.2219444444,+26.3,+12.5,+9.6,+10.7
43273.2226388889,+26.3,+12.5,+9.6,+10.7
43273.2233333333,+26.3,+12.5,+9.6,+10.7
43273.2240277778,+26.3,+12.5,+9.6,+10.7
43273.2247222222,+26.2,+12.5,+9.6,+10.7
43273.2254166667,+26.2,+12.5,+9.6,+10.7
43273.2261111111,+26.3,+12.5,+9.6,+10.7
43273.2268055556,+26.2,+12.5,+9.6,+10.7
43273.2275,+26.2,+12.5,+9.6,+10.7
43273.2281944444,+26.2,+12.5,+9.6,+10.7
43273.2288888889,+26.2,+12.5,+9.6,+10.7
43273.2295833333,+26.2,+12.5,+9.6,+10.7
43273.2302777778,+26.2,+12.5,+9.6,+10.7
43273.2309722222,+26.2,+12.5,+9.6,+10.7
43273.2316666667,+26.2,+12.5,+9.6,+10.7
43273.2323611111,+26.2,+12.5,+9.6,+10.7
43273.2330555556,+26.2,+12.5,+9.6,+10.7
43273.23375,+26.2,+12.5,+9.6,+10.7
43273.2344444444,+26.2,+12.5,+9.6,+10.7
43273.2351388889,+26.2,+12.5,+9.6,+10.7
43273.2358333333,+26.2,+12.5,+9.6,+10.7
43273.2365277778,+26.2,+12.5,+9.6,+10.7
43273.2372222222,+26.2,+12.5,+9.6,+10.7
43273.2379166667,+26.2,+12.5,+9.6,+10.7
43273.2386111111,+26.2,+12.5,+9.6,+10.7
43273.2393055556,+26.2,+12.5,+9.6,+10.7
43273.24,+26.2,+12.5,+9.6,+10.7
43273.2406944444,+26.2,+12.5,+9.6,+10.7
43273.2413888889,+26.2,+12.5,+9.6,+10.7
43273.2420833333,+26.2,+12.5,+9.6,+10.7
43273.2427777778,+26.2,+12.5,+9.6,+10.7
43273.2434722222,+26.2,+12.5,+9.6,+10.7
43273.2441666667,+26.2,+12.5,+9.6,+10.7
43273.2448611111,+26.2,+12.5,+9.6,+10.7
43273.2455555556,+26.2,+12.5,+9.6,+10.7
43273.24625,+26.2,+12.5,+9.6,+10.7
43273.2469444444,+26.2,+12.5,+9.6,+10.7
43273.2476388889,+26.2,+12.5,+9.6,+10.7
43273.2483333333,+26.2,+12.5,+9.6,+10.7
43273.2490277778,+26.2,+12.5,+9.6,+10.7
43273.2497222222,+26.2,+12.5,+9.6,+10.7
43273.2504166667,+26.2,+12.5,+9.7,+10.7
43273.2511111111,+26.2,+12.5,+9.6,+10.7
43273.2518055556,+26.2,+12.5,+9.6,+10.7
43273.2525,+26.2,+12.5,+9.6,+10.7
43273.2531944444,+26.2,+12.5,+9.6,+10.7
43273.2538888889,+26.2,+12.5,+9.6,+10.7
43273.2545833333,+26.2,+12.5,+9.6,+10.7
43273.2552777778,+26.2,+12.5,+9.6,+10.7
43273.2559722222,+26.2,+12.5,+9.6,+10.7
43273.2566666667,+26.2,+12.5,+9.7,+10.7
43273.2573611111,+26.2,+12.5,+9.6,+10.7
43273.2580555556,+26.2,+12.5,+9.7,+10.7
43273.25875,+26.2,+12.5,+9.7,+10.7
43273.2594444444,+26.2,+12.5,+9.6,+10.7
43273.2601388889,+26.2,+12.5,+9.6,+10.7
43273.2608333333,+26.2,+12.5,+9.7,+10.7
43273.2615277778,+26.2,+12.5,+9.7,+10.7
43273.2622222222,+26.2,+12.5,+9.7,+10.7
43273.2629166667,+26.2,+12.5,+9.6,+10.7
43273.2636111111,+26.2,+12.6,+9.7,+10.7
43273.2643055556,+26.2,+12.6,+9.7,+10.7
43273.265,+26.2,+12.6,+9.7,+10.8
43273.2656944444,+26.2,+12.5,+9.7,+10.7
43273.2663888889,+26.2,+12.5,+9.7,+10.7
43273.2670833333,+26.2,+12.5,+9.7,+10.8
43273.2677777778,+26.2,+12.5,+9.7,+10.7
43273.2684722222,+26.2,+12.6,+9.7,+10.8
43273.2691666667,+26.2,+12.6,+9.7,+10.7
43273.2698611111,+26.2,+12.6,+9.7,+10.7
43273.2705555556,+26.2,+12.6,+9.7,+10.7
43273.27125,+26.2,+12.6,+9.7,+10.8
43273.2719444444,+26.2,+12.6,+9.7,+10.8
43273.2726388889,+26.2,+12.6,+9.7,+10.8
43273.2733333333,+26.2,+12.6,+9.7,+10.8
43273.2740277778,+26.2,+12.5,+9.7,+10.8
43273.2747222222,+26.2,+12.6,+9.7,+10.8
43273.2754166667,+26.2,+12.6,+9.7,+10.8
43273.2761111111,+26.2,+12.6,+9.7,+10.8
43273.2768055556,+26.2,+12.6,+9.7,+10.8
43273.2775,+26.2,+12.6,+9.7,+10.8
43273.2781944444,+26.2,+12.6,+9.7,+10.8
43273.2788888889,+26.2,+12.6,+9.7,+10.8
43273.2795833333,+26.2,+12.6,+9.7,+10.8
43273.2802777778,+26.2,+12.6,+9.7,+10.8
43273.2809722222,+26.2,+12.6,+9.7,+10.8
43273.2816666667,+26.2,+12.6,+9.7,+10.8
43273.2823611111,+26.2,+12.6,+9.7,+10.8
43273.2830555556,+26.2,+12.6,+9.7,+10.8
43273.28375,+26.2,+12.6,+9.7,+10.8
43273.2844444444,+26.2,+12.6,+9.7,+10.8
43273.2851388889,+26.2,+12.6,+9.7,+10.8
43273.2858333333,+26.2,+12.6,+9.7,+10.8
43273.2865277778,+26.2,+12.6,+9.7,+10.8
43273.2872222222,+26.2,+12.6,+9.7,+10.8
43273.2879166667,+26.2,+12.6,+9.7,+10.8
43273.2886111111,+26.2,+12.6,+9.7,+10.8
43273.2893055556,+26.2,+12.6,+9.7,+10.8
43273.29,+26.1,+12.5,+9.7,+10.7
43273.2906944444,+26.2,+12.6,+9.7,+10.8
43273.2913888889,+26.2,+12.6,+9.7,+10.8
43273.2920833333,+26.2,+12.6,+9.7,+10.8
43273.2927777778,+26.2,+12.6,+9.7,+10.8
43273.2934722222,+26.2,+12.6,+9.7,+10.8
43273.2941666667,+26.2,+12.6,+9.7,+10.8
43273.2948611111,+26.2,+12.7,+9.7,+10.8
43273.2955555556,+26.2,+12.6,+9.7,+10.8
43273.29625,+26.2,+12.6,+9.7,+10.8
43273.2969444444,+26.2,+12.6,+9.7,+10.8
43273.2976388889,+26.2,+12.7,+9.7,+10.8
43273.2983333333,+26.2,+12.6,+9.7,+10.8
43273.2990277778,+26.2,+12.7,+9.7,+10.8
43273.2997222222,+26.2,+12.7,+9.7,+10.8
43273.3004166667,+26.2,+12.7,+9.7,+10.8
43273.3011111111,+26.2,+12.7,+9.7,+10.8
43273.3018055556,+26.2,+12.7,+9.7,+10.8
43273.3025,+26.2,+12.7,+9.7,+10.8
43273.3031944444,+26.2,+12.7,+9.7,+10.8
43273.3038888889,+26.2,+12.7,+9.7,+10.8
43273.3045833333,+26.2,+12.7,+9.7,+10.8
43273.3052777778,+26.2,+12.7,+9.7,+10.8
43273.3059722222,+26.2,+12.7,+9.7,+10.8
43273.3066666667,+26.2,+12.7,+9.7,+10.8
43273.3073611111,+26.2,+12.7,+9.7,+10.8
43273.3080555556,+26.2,+12.7,+9.7,+10.8
43273.30875,+26.2,+12.7,+9.7,+10.8
43273.3094444444,+26.2,+12.7,+9.7,+10.8
43273.3101388889,+26.2,+12.7,+9.7,+10.8
43273.3108333333,+26.2,+12.7,+9.7,+10.8
43273.3115277778,+26.2,+12.7,+9.7,+10.8
43273.3122222222,+26.2,+12.7,+9.7,+10.8
43273.3129166667,+26.2,+12.7,+9.7,+10.8
43273.3136111111,+26.2,+12.7,+9.7,+10.8
43273.3143055556,+26.2,+12.7,+9.7,+10.8
43273.315,+26.2,+12.7,+9.7,+10.8
43273.3156944444,+26.2,+12.7,+9.7,+10.8
43273.3163888889,+26.2,+12.7,+9.7,+10.8
43273.3170833333,+26.2,+12.7,+9.7,+10.8
43273.3177777778,+26.2,+12.7,+9.7,+10.8
43273.3184722222,+26.2,+12.7,+9.7,+10.8
43273.3191666667,+26.2,+12.7,+9.7,+10.8
43273.3198611111,+26.2,+12.7,+9.7,+10.8
43273.3205555556,+26.2,+12.7,+9.7,+10.8
43273.32125,+26.2,+12.7,+9.7,+10.8
43273.3219444444,+26.2,+12.7,+9.7,+10.8
43273.3226388889,+26.2,+12.7,+9.7,+10.8
43273.3233333333,+26.2,+12.7,+9.7,+10.8
43273.3240277778,+26.2,+12.7,+9.7,+10.8
43273.3247222222,+26.2,+12.7,+9.8,+10.8
43273.3254166667,+26.2,+12.7,+9.7,+10.8
43273.3261111111,+26.2,+12.7,+9.8,+10.8
43273.3268055556,+26.2,+12.7,+9.7,+10.8
43273.3275,+26.2,+12.7,+9.7,+10.8
43273.3281944444,+26.2,+12.7,+9.7,+10.8
43273.3288888889,+26.2,+12.7,+9.7,+10.8
43273.3295833333,+26.2,+12.7,+9.7,+10.8
43273.3302777778,+26.2,+12.7,+9.7,+10.8
43273.3309722222,+26.2,+12.7,+9.7,+10.8
43273.3316666667,+26.2,+12.8,+9.7,+10.8
43273.3323611111,+26.2,+12.7,+9.7,+10.8
43273.3330555556,+26.2,+12.8,+9.7,+10.8
43273.33375,+26.2,+12.8,+9.7,+10.8
43273.3344444444,+26.2,+12.8,+9.7,+10.8
43273.3351388889,+26.2,+12.8,+9.8,+10.8
43273.3358333333,+26.2,+12.8,+9.8,+10.8
43273.3365277778,+26.2,+12.8,+9.8,+10.8
43273.3372222222,+26.2,+12.8,+9.8,+10.8
43273.3379166667,+26.2,+12.8,+9.7,+10.8
43273.3386111111,+26.2,+12.8,+9.7,+10.8
43273.3393055556,+26.2,+12.8,+9.8,+10.8
43273.34,+26.2,+12.8,+9.8,+10.8
43273.3406944444,+26.2,+12.8,+9.8,+10.8
43273.3413888889,+26.2,+12.8,+9.7,+10.8
43273.3420833333,+26.2,+12.8,+9.7,+10.8
43273.3427777778,+26.2,+12.7,+9.7,+10.8
43273.3434722222,+26.2,+12.8,+9.8,+10.8
43273.3441666667,+26.2,+12.8,+9.8,+10.8
43273.3448611111,+26.2,+12.8,+9.8,+10.8
43273.3455555556,+26.2,+12.8,+9.8,+10.8
43273.34625,+26.2,+12.8,+9.8,+10.8
43273.3469444444,+26.2,+12.8,+9.8,+10.8
43273.3476388889,+26.2,+12.8,+9.8,+10.8
43273.3483333333,+26.2,+12.8,+9.8,+10.8
43273.3490277778,+26.2,+12.8,+9.8,+10.8
43273.3497222222,+26.2,+12.8,+9.8,+10.8
43273.3504166667,+26.2,+12.8,+9.8,+10.8
43273.3511111111,+26.2,+12.8,+9.8,+10.8
43273.3518055556,+26.2,+12.8,+9.8,+10.8
43273.3525,+26.2,+12.8,+9.8,+10.8
43273.3531944444,+26.2,+12.8,+9.8,+10.8
43273.3538888889,+26.2,+12.8,+9.8,+10.8
43273.3545833333,+26.2,+12.8,+9.8,+10.8
43273.3552777778,+26.2,+12.8,+9.8,+10.8
43273.3559722222,+26.2,+12.8,+9.8,+10.8
43273.3566666667,+26.2,+12.8,+9.8,+10.8
43273.3573611111,+26.2,+12.8,+9.8,+10.8
43273.3580555556,+26.2,+12.8,+9.8,+10.8
43273.35875,+26.2,+12.8,+9.8,+10.8
43273.3594444444,+26.2,+12.8,+9.8,+10.8
43273.3601388889,+26.2,+12.8,+9.8,+10.8
43273.3608333333,+26.2,+12.8,+9.8,+10.8
43273.3615277778,+26.2,+12.8,+9.8,+10.8
43273.3622222222,+26.2,+12.8,+9.8,+10.8
43273.3629166667,+26.2,+12.8,+9.8,+10.8
43273.3636111111,+26.2,+12.8,+9.8,+10.8
43273.3643055556,+26.2,+12.8,+9.8,+10.8
43273.365,+26.2,+12.8,+9.8,+10.8
43273.3656944444,+26.2,+12.8,+9.8,+10.8
43273.3663888889,+26.2,+12.9,+9.8,+10.8
43273.3670833333,+26.2,+12.8,+9.8,+10.8
43273.3677777778,+26.2,+12.9,+9.8,+10.8
43273.3684722222,+26.2,+12.9,+9.8,+10.8
43273.3691666667,+26.2,+12.9,+9.8,+10.8
43273.3698611111,+26.2,+12.9,+9.8,+10.8
43273.3705555556,+26.2,+12.9,+9.8,+10.8
43273.37125,+26.2,+12.9,+9.8,+10.8
43273.3719444444,+26.2,+12.9,+9.8,+10.8
43273.3726388889,+26.2,+12.9,+9.8,+10.8
43273.3733333333,+26.2,+12.9,+9.8,+10.8
43273.3740277778,+26.2,+12.9,+9.8,+10.8
43273.3747222222,+26.2,+12.9,+9.8,+10.8
43273.3754166667,+26.1,+12.8,+9.8,+10.8
43273.3761111111,+26.2,+12.9,+9.8,+10.8
43273.3768055556,+26.2,+12.9,+9.8,+11.0
43273.3775,+26.2,+12.9,+9.8,+11.0
43273.3781944444,+26.2,+12.9,+9.8,+10.8
43273.3788888889,+26.2,+12.9,+9.8,+10.8
43273.3795833333,+26.2,+12.9,+9.8,+10.8
43273.3802777778,+26.2,+12.9,+9.8,+11.0
43273.3809722222,+26.2,+12.8,+9.8,+11.0
43273.3816666667,+26.2,+12.9,+9.8,+11.0
43273.3823611111,+26.2,+12.9,+9.8,+11.0
43273.3830555556,+26.1,+12.9,+9.8,+10.8
43273.38375,+26.1,+12.9,+9.8,+10.8
43273.3844444444,+26.2,+12.9,+9.8,+11.0
43273.3851388889,+26.2,+12.9,+9.8,+10.8
43273.3858333333,+26.1,+12.9,+9.8,+10.8
43273.3865277778,+26.1,+12.9,+9.8,+11.0
43273.3872222222,+26.1,+12.9,+9.8,+10.8
43273.3879166667,+26.1,+12.9,+9.8,+10.8
43273.3886111111,+26.2,+12.9,+9.8,+10.8
43273.3893055556,+26.1,+12.9,+9.8,+11.0
43273.39,+26.1,+12.9,+9.8,+10.8
43273.3906944444,+26.1,+12.9,+9.8,+10.8
43273.3913888889,+26.1,+12.9,+9.8,+10.8
43273.3920833333,+26.1,+12.9,+9.8,+10.8
43273.3927777778,+26.1,+12.9,+9.8,+11.0
43273.3934722222,+26.1,+12.9,+9.8,+10.8
43273.3941666667,+26.1,+12.9,+9.8,+11.0
43273.3948611111,+26.1,+12.9,+9.8,+11.0
43273.3955555556,+26.1,+12.9,+9.8,+11.0
43273.39625,+26.1,+12.9,+9.8,+11.0
43273.3969444444,+26.1,+12.9,+9.8,+10.8
43273.3976388889,+26.1,+12.9,+9.8,+10.8
43273.3983333333,+26.1,+12.9,+9.8,+11.0
43273.3990277778,+26.1,+12.9,+9.8,+11.0
43273.3997222222,+26.1,+12.9,+9.8,+11.0
43273.4004166667,+26.1,+12.9,+9.8,+11.0
43273.4011111111,+26.1,+12.9,+9.8,+11.0
43273.4018055556,+26.1,+12.9,+9.8,+11.0
43273.4025,+26.1,+13.0,+9.8,+11.0
43273.4031944444,+26.1,+12.9,+9.8,+11.0
43273.4038888889,+26.1,+13.0,+9.8,+11.0
43273.4045833333,+26.1,+13.0,+9.8,+11.0
43273.4052777778,+26.1,+12.9,+9.8,+11.0
43273.4059722222,+26.1,+13.0,+9.8,+11.0
43273.4066666667,+26.1,+12.9,+9.8,+11.0
43273.4073611111,+26.1,+13.0,+9.8,+11.0
43273.4080555556,+26.1,+13.0,+9.8,+11.0
43273.40875,+26.1,+13.0,+9.8,+11.0
43273.4094444444,+26.1,+12.9,+9.8,+11.0
43273.4101388889,+26.1,+13.0,+9.8,+11.0
43273.4108333333,+26.1,+13.0,+9.8,+11.0
43273.4115277778,+26.1,+13.0,+9.8,+11.0
43273.4122222222,+26.1,+13.0,+9.8,+11.0
43273.4129166667,+26.1,+13.0,+9.8,+11.0
43273.4136111111,+26.1,+13.0,+9.8,+11.0
43273.4143055556,+26.1,+13.0,+9.8,+11.0
43273.415,+26.1,+13.0,+9.8,+11.0
43273.4156944444,+26.1,+12.9,+10.0,+11.0
43273.4163888889,+26.1,+13.0,+10.0,+11.0
43273.4170833333,+26.1,+12.9,+10.0,+11.0
43273.4177777778,+26.1,+13.0,+9.8,+11.0
43273.4184722222,+26.1,+13.0,+9.8,+11.0
43273.4191666667,+26.1,+13.0,+9.8,+11.0
43273.4198611111,+26.1,+13.0,+10.0,+11.0
43273.4205555556,+26.1,+13.0,+9.8,+11.0
43273.42125,+26.1,+13.0,+9.8,+11.0
43273.4219444444,+26.1,+13.0,+10.0,+11.0
43273.4226388889,+26.1,+13.0,+9.8,+11.0
43273.4233333333,+26.1,+13.0,+9.8,+11.0
43273.4240277778,+26.1,+13.0,+9.8,+11.0
43273.4247222222,+26.1,+13.0,+10.0,+11.0
43273.4254166667,+26.1,+13.0,+10.0,+11.0
43273.4261111111,+26.1,+13.0,+10.0,+11.0
43273.4268055556,+26.1,+13.0,+10.0,+11.0
43273.4275,+26.1,+13.0,+10.0,+11.0
43273.4281944444,+26.1,+13.0,+9.8,+11.0
43273.4288888889,+26.1,+13.0,+10.0,+11.0
43273.4295833333,+26.1,+13.0,+10.0,+11.0
43273.4302777778,+26.1,+13.0,+10.0,+11.0
43273.4309722222,+26.1,+13.0,+10.0,+11.0
43273.4316666667,+26.1,+13.0,+10.0,+11.0
43273.4323611111,+26.1,+13.0,+10.0,+11.0
43273.4330555556,+26.1,+13.0,+10.0,+11.0
43273.43375,+26.1,+13.0,+10.0,+11.0
43273.4344444444,+26.1,+13.0,+10.0,+11.0
43273.4351388889,+26.1,+13.0,+10.0,+11.0
43273.4358333333,+26.1,+13.0,+10.0,+11.0
43273.4365277778,+26.1,+13.0,+10.0,+11.0
43273.4372222222,+26.1,+13.0,+10.0,+11.0
43273.4379166667,+26.1,+13.0,+9.8,+10.8
43273.4386111111,+26.1,+13.0,+10.0,+11.0
43273.4393055556,+26.1,+13.0,+10.0,+11.0
43273.44,+26.1,+13.0,+10.0,+11.0
43273.4406944444,+26.1,+13.0,+10.0,+11.0
43273.4413888889,+26.1,+13.0,+10.0,+11.0
43273.4420833333,+26.1,+13.0,+10.0,+11.0
43273.4427777778,+26.1,+13.0,+10.0,+11.0
43273.4434722222,+26.1,+13.1,+10.0,+11.0
43273.4441666667,+26.1,+13.1,+10.0,+11.0
43273.4448611111,+26.1,+13.0,+10.0,+11.0
43273.4455555556,+26.1,+13.1,+10.0,+11.0
43273.44625,+26.1,+13.1,+10.0,+11.0
43273.4469444444,+26.1,+13.1,+10.0,+11.0
43273.4476388889,+26.1,+13.1,+10.0,+11.0
43273.4483333333,+26.1,+13.1,+10.0,+11.0
43273.4490277778,+26.1,+13.1,+10.0,+11.0
43273.4497222222,+26.1,+13.1,+10.0,+11.0
43273.4504166667,+26.1,+13.1,+10.0,+11.0
43273.4511111111,+26.1,+13.1,+10.0,+11.0
43273.4518055556,+26.1,+13.1,+10.0,+11.0
43273.4525,+26.1,+13.1,+10.0,+11.0
43273.4531944444,+26.1,+13.1,+10.0,+11.0
43273.4538888889,+26.1,+13.1,+10.0,+11.0
43273.4545833333,+26.1,+13.1,+10.0,+11.0
43273.4552777778,+26.1,+13.1,+10.0,+11.0
43273.4559722222,+26.1,+13.1,+10.0,+11.0
43273.4566666667,+26.1,+13.1,+10.0,+11.0
43273.4573611111,+26.1,+13.1,+10.0,+11.0
43273.4580555556,+26.1,+13.1,+10.0,+11.0
43273.45875,+26.1,+13.1,+10.0,+11.0
43273.4594444444,+26.1,+13.1,+10.0,+11.0
43273.4601388889,+26.1,+13.1,+10.0,+11.0
43273.4608333333,+26.1,+13.1,+10.0,+11.0
43273.4615277778,+26.1,+13.1,+10.0,+11.0
43273.4622222222,+26.1,+13.1,+10.0,+11.0
43273.5206828704,+26.1,+13.2,+10.0,+11.0
43273.5213773148,+26.1,+13.2,+10.0,+11.0
43273.5220717593,+26.1,+13.2,+10.0,+11.0
43273.5227662037,+26.1,+13.2,+10.0,+11.0
43273.5234606481,+26.1,+13.2,+10.0,+11.0
43273.5241550926,+26.1,+13.2,+10.0,+11.0
43273.524849537,+26.1,+13.2,+10.0,+11.0
43273.5255439815,+26.1,+13.2,+10.0,+11.0
43273.5262384259,+26.1,+13.2,+10.0,+11.0
43273.5269328704,+26.1,+13.2,+10.0,+11.0
43273.5276273148,+26.1,+13.2,+10.0,+11.0
43273.5283217593,+26.1,+13.2,+10.0,+11.0
43273.5290162037,+26.1,+13.3,+10.0,+11.0
43273.5297106481,+26.1,+13.3,+10.0,+11.0
43273.5304050926,+26.1,+13.2,+10.0,+11.0
43273.531099537,+26.1,+13.2,+10.0,+11.0
43273.5317939815,+26.1,+13.3,+10.0,+11.0
43273.5324884259,+26.1,+13.3,+10.0,+11.0
43273.5331828704,+26.1,+13.3,+10.0,+11.0
43273.5338773148,+26.1,+13.3,+10.0,+11.0
43273.5345717593,+26.1,+13.3,+10.0,+11.0
43273.5352662037,+26.1,+13.3,+10.0,+11.0
43273.5359606482,+26.1,+13.3,+10.0,+11.0
43273.5366550926,+26.1,+13.3,+10.0,+11.0
43273.537349537,+26.1,+13.3,+10.0,+11.0
43273.5380439815,+26.1,+13.3,+10.0,+11.0
43273.5387384259,+26.1,+13.3,+10.0,+11.0
43273.5394328704,+26.1,+13.3,+10.0,+11.0
43273.5401273148,+26.0,+13.2,+10.0,+11.0
43273.5408217593,+26.1,+13.3,+10.0,+11.0
43273.5415162037,+26.1,+13.3,+10.0,+11.0
43273.5422106481,+26.1,+13.3,+10.0,+11.0
43273.5429050926,+26.1,+13.3,+10.0,+11.0
43273.5436111111,+26.1,+13.3,+10.0,+11.0
43273.5442939815,+26.1,+13.3,+10.0,+11.0
43273.5449884259,+26.1,+13.3,+10.0,+11.0
43273.5456828704,+26.1,+13.3,+10.0,+11.0
43273.5463773148,+26.1,+13.3,+10.0,+11.0
43273.5470717593,+26.1,+13.3,+10.0,+11.0
43273.5477662037,+26.1,+13.3,+10.0,+11.0
43273.5484606481,+26.1,+13.3,+10.0,+11.0
43273.5491550926,+26.1,+13.3,+10.0,+11.0
43273.549849537,+26.1,+13.3,+10.0,+11.0
43273.5505439815,+26.1,+13.3,+10.0,+11.0
43273.5512384259,+26.1,+13.3,+10.0,+11.0
43273.5519328704,+26.1,+13.3,+10.0,+11.0
43273.5526273148,+26.1,+13.3,+10.0,+11.0
43273.5533217593,+26.1,+13.3,+10.0,+11.0
43273.5540162037,+26.1,+13.3,+10.0,+11.0
43273.5547106481,+26.1,+13.3,+10.0,+11.0
43273.5554050926,+26.1,+13.3,+10.0,+11.0
43273.556099537,+26.1,+13.3,+10.0,+11.0
43273.5567939815,+26.1,+13.3,+10.0,+11.0
43273.5574884259,+26.1,+13.3,+10.0,+11.0
43273.5581828704,+26.1,+13.3,+10.0,+11.0
43273.5588773148,+26.1,+13.3,+10.0,+11.0
43273.5595717593,+26.1,+13.3,+10.0,+11.0
43273.5602662037,+26.1,+13.3,+10.0,+11.0
43273.5609606481,+26.1,+13.3,+10.0,+11.0
43273.5616550926,+26.1,+13.3,+10.0,+11.0
43273.562349537,+26.1,+13.3,+10.0,+11.0
43273.5630439815,+26.1,+13.3,+10.0,+11.0
43273.5637384259,+26.1,+13.3,+10.0,+11.0
43273.5644328704,+26.1,+13.3,+10.0,+11.0
43273.5651273148,+26.1,+13.3,+10.0,+11.0
43273.5658217593,+26.1,+13.3,+10.0,+11.0
43273.5665162037,+26.1,+13.3,+10.0,+11.0
