1.500000000000000000e+01
1.500000000000000000e+01
1.500000000000000000e+01
1.500000000000000000e+01
1.500000000000000000e+01
1.500000000000000000e+01
1.500000000000000000e+01
1.500000000000000000e+01
1.500000000000000000e+01
1.500000000000000000e+01
1.500000000000000000e+01
1.500000000000000000e+01
1.500000000000000000e+01
1.500000000000000000e+01
1.500000000000000000e+01
1.499999999999999822e+01
1.499999999999999822e+01
1.499999999999999645e+01
1.499999999999999645e+01
1.499999999999999467e+01
1.499999999999999289e+01
1.499999999999998934e+01
1.499999999999998579e+01
1.499999999999998046e+01
1.499999999999997513e+01
1.499999999999996803e+01
1.499999999999996092e+01
1.499999999999995026e+01
1.499999999999993960e+01
1.499999999999992539e+01
1.499999999999990763e+01
1.499999999999988809e+01
1.499999999999986500e+01
1.499999999999983835e+01
1.499999999999980815e+01
1.499999999999977085e+01
1.499999999999972999e+01
1.499999999999968381e+01
1.499999999999963052e+01
1.499999999999957012e+01
1.499999999999950084e+01
1.499999999999942268e+01
1.499999999999933564e+01
1.499999999999923794e+01
1.499999999999912781e+01
1.499999999999900702e+01
1.499999999999887024e+01
1.499999999999872102e+01
1.499999999999855405e+01
1.499999999999836930e+01
1.499999999999816680e+01
1.499999999999794298e+01
1.499999999999769962e+01
1.499999999999743139e+01
1.499999999999713651e+01
1.499999999999681677e+01
1.499999999999646683e+01
1.499999999999608669e+01
1.499999999999567279e+01
1.499999999999522515e+01
1.499999999999473843e+01
1.499999999999421263e+01
1.499999999999364420e+01
1.499999999999303135e+01
1.499999999999237055e+01
1.499999999999165823e+01
1.499999999999089439e+01
1.499999999999007372e+01
1.499999999998919264e+01
1.499999999998825118e+01
1.499999999998724043e+01
1.499999999998616218e+01
1.499999999998500755e+01
1.499999999998377831e+01
1.499999999998246736e+01
1.499999999998106759e+01
1.499999999997958255e+01
1.499999999997800160e+01
1.499999999997632294e+01
1.499999999997454125e+01
1.499999999997265121e+01
1.499999999997064748e+01
1.499999999996852651e+01
1.499999999996628297e+01
1.499999999996391153e+01
1.499999999996140332e+01
1.499999999995875655e+01
1.499999999995596411e+01
1.499999999995301891e+01
1.499999999994991740e+01
1.499999999994664890e+01
1.499999999994320987e+01
1.499999999993959321e+01
1.499999999993579003e+01
1.499999999993179500e+01
1.499999999992760280e+01
1.499999999992320099e+01
1.499999999991858601e+01
1.499999999991374722e+01
1.499999999990867927e+01
1.499999999990337152e+01
1.499999999989781685e+01
1.499999999989200639e+01
1.499999999988592947e+01
1.499999999987957899e+01
1.499999999987294608e+01
1.499999999986602006e+01
1.499999999985879207e+01
1.499999999985125143e+01
1.499999999984338750e+01
1.499999999983518961e+01
1.499999999982665244e+01
1.499999999981775822e+01
1.499999999980849985e+01
1.499999999979886312e+01
1.499999999978884091e+01
1.499999999977841902e+01
1.499999999976758502e+01
1.499999999975632825e+01
1.499999999974463449e+01
1.499999999973249487e+01
1.499999999971989162e+01
1.499999999970681586e+01
1.499999999969325160e+01
1.499999999967918640e+01
1.499999999966460607e+01
1.499999999964949993e+01
1.499999999963384667e+01
1.499999999961763741e+01
1.499999999960085617e+01
1.499999999958348873e+01
1.499999999956551733e+01
1.499999999954692775e+01
1.499999999952770580e+01
1.499999999950783369e+01
1.499999999948729545e+01
1.499999999946607687e+01
1.499999999944415663e+01
1.499999999942151874e+01
1.499999999939815076e+01
1.499999999937402961e+01
1.499999999934914108e+01
1.499999999932346562e+01
1.499999999929698369e+01
1.499999999926967931e+01
1.499999999924153116e+01
1.499999999921252325e+01
1.499999999918263072e+01
1.499999999915183935e+01
1.499999999912012782e+01
1.499999999908747483e+01
1.499999999905385906e+01
1.499999999901926273e+01
1.499999999898366276e+01
1.499999999894703784e+01
1.499999999890936664e+01
1.499999999887062785e+01
1.499999999883079838e+01
1.499999999878985690e+01
1.499999999874778034e+01
1.499999999870454559e+01
1.499999999866012956e+01
1.499999999861450561e+01
1.499999999856765598e+01
1.499999999851955224e+01
1.499999999847017129e+01
1.499999999841948828e+01
1.499999999836747833e+01
1.499999999831411657e+01
1.499999999825937635e+01
1.499999999820323282e+01
1.499999999814565754e+01
1.499999999808662920e+01
1.499999999802611583e+01
1.499999999796409256e+01
1.499999999790053451e+01
1.499999999783541149e+01
1.499999999776869508e+01
1.499999999770035863e+01
1.499999999763037195e+01
1.499999999755870839e+01
1.499999999748533952e+01
1.499999999741023338e+01
1.499999999733336509e+01
1.499999999725471156e+01
1.499999999717426924e+01
1.499999999709206477e+01
1.499999999700819586e+01
1.499999999692285613e+01
1.499999999683642926e+01
1.499999999674955475e+01
1.499999999666326289e+01
1.499999999657913108e+01
1.499999999649948279e+01
1.499999999642764337e+01
1.499999999636813897e+01
1.499999999632711756e+01
1.499999999631266867e+01
1.499999999633532255e+01
1.499999999640836279e+01
1.499999999654854932e+01
1.499999999677662466e+01
1.499999999711805643e+01
1.499999999760379588e+01
1.499999999827115005e+01
1.499999999916470728e+01
1.500000000033743675e+01
1.500000000185188931e+01
1.500000000378150844e+01
1.500000000621208507e+01
1.500000000924336518e+01
1.500000001299081731e+01
1.500000001758763091e+01
1.500000002318670944e+01
1.500000002996311466e+01
1.500000003811659965e+01
1.500000004787439067e+01
1.500000005949423709e+01
1.500000007326773677e+01
1.500000008952398112e+01
1.500000010863350752e+01
1.500000013101265317e+01
1.500000015712827306e+01
1.500000018750293762e+01
1.500000022272057976e+01
1.500000026343271387e+01
1.500000031036520554e+01
1.500000036432571449e+01
1.500000042621181251e+01
1.500000049701990790e+01
1.500000057785496388e+01
1.500000066994114967e+01
1.500000077463347736e+01
1.500000089343048337e+01
1.500000102798805557e+01
1.500000118014101602e+01
1.500000135189808859e+01
1.500000154548548892e+01
1.500000176334803470e+01
1.500000200818521634e+01
1.500000228296173077e+01
1.500000259093538801e+01
1.500000293568317744e+01
1.500000332112908552e+01
1.500000375157247490e+01
1.500000423172332198e+01
1.500000476673533711e+01
1.500000536224287373e+01
1.500000602440041320e+01
1.500000675992475863e+01
1.500000757614019520e+01
1.500000848102675732e+01
1.500000948327190997e+01
1.500001059231792411e+01
1.500001181844483256e+01
1.500001317281068047e+01
1.500001466752760138e+01
1.500001631573538674e+01
1.500001813168074705e+01
1.500002013080283092e+01
1.500002232982559391e+01
1.500002474685768306e+01
1.500002740150053526e+01
1.500003031496547479e+01
1.500003351020054865e+01
1.500003701202803441e+01
1.500004084729335041e+01
1.500004504502639868e+01
1.500004963661615598e+01
1.500005465599947918e+01
1.500006013986504705e+01
1.500006612787335847e+01
1.500007266289371444e+01
1.500007979156857729e+01
1.500008756370822027e+01
1.500009603341754882e+01
1.500010525914621518e+01
1.500011530402384174e+01
1.500012625424442803e+01
1.500013816821121537e+01
1.500015112548817875e+01
1.500016521188613261e+01
1.500018051991879631e+01
1.500019714928546577e+01
1.500021517865891596e+01
1.500023474840487125e+01
1.500025598276757144e+01
1.500027901538114605e+01
1.500030398989827418e+01
1.500033105950793910e+01
1.500036039089379436e+01
1.500039216187741786e+01
1.500042656317897460e+01
1.500046379924289219e+01
1.500050408911307720e+01
1.500054766736228729e+01
1.500059478508100241e+01
1.500064571093172816e+01
1.500070073227533740e+01
1.500076015637672455e+01
1.500082431169759545e+01
1.500089354928472929e+01
1.500096824426250031e+01
1.500104879743857467e+01
1.500113563703190245e+01
1.500122922053185093e+01
1.500133003669700393e+01
1.500143860770137572e+01
1.500155549143491918e+01
1.500168128396378009e+01
1.500181662215413070e+01
1.500196218646145851e+01
1.500211870388476143e+01
1.500228695108248722e+01
1.500246775764391316e+01
1.500266200950640005e+01
1.500287065250515894e+01
1.500309469603830870e+01
1.500333522808001163e+01
1.500359338602309300e+01
1.500387039274829348e+01
1.500416755000965985e+01
1.500448624225789374e+01
1.500482845117165809e+01
1.500519526490258215e+01
1.500558833744465126e+01
1.500600941882650829e+01
1.500646035359950048e+01
1.500694309334783050e+01
1.500745969328545826e+01
1.500801231360275523e+01
1.500860322020937510e+01
1.500923478277844225e+01
1.500990947176026147e+01
1.501062986488348194e+01
1.501139864076798780e+01
1.501221751091688716e+01
1.501309039158381786e+01
1.501402024251403411e+01
1.501501010333710440e+01
1.501606308531604483e+01
1.501718236187545230e+01
1.501837111525876090e+01
1.501963265228238953e+01
1.502097026437719052e+01
1.502238725568282085e+01
1.502388692815054227e+01
1.502547256587320312e+01
1.502714741880629390e+01
1.502891468606717318e+01
1.503077749901965277e+01
1.503273890436756233e+01
1.503480184749256487e+01
1.503696915627788400e+01
1.503924352565991285e+01
1.504162750314389640e+01
1.504412347550761453e+01
1.504673365689862408e+01
1.504946007850656997e+01
1.505230457996284699e+01
1.505526880258680755e+01
1.505835369315410510e+01
1.506156100527569031e+01
1.506489159069675665e+01
1.506834573388349519e+01
1.507192296943536114e+01
1.507562206896727730e+01
1.507944063268752011e+01
1.508337540658188658e+01
1.508742235105272833e+01
1.509157653361874374e+01
1.509583245425055686e+01
1.510018402721412301e+01
1.510462473654273374e+01
1.510914776143052762e+01
1.511374608928367280e+01
1.511841264899922166e+01
1.512314039691821677e+01
1.512792240028514534e+01
1.513275190695119221e+01
1.513762240171637963e+01
1.514252765014796154e+01
1.514746173115944572e+01
1.515241905924928290e+01
1.515739439768794661e+01
1.516238286468825258e+01
1.516737993326666967e+01
1.517238142609611984e+01
1.517738350639742606e+01
1.518238266579244389e+01
1.518737570981479124e+01
1.519235974138906187e+01
1.519733214450172554e+01
1.520229056697164083e+01
1.520723290280630380e+01
1.521215727470001688e+01
1.521706201930053837e+01
1.522194566236415270e+01
1.522680691254426222e+01
1.523164464241166804e+01
1.523645787414272590e+01
1.524124576605878190e+01
1.524600760002677902e+01
1.525074276971601073e+01
1.525545076838769987e+01
1.526013118224009446e+01
1.526478367829439264e+01
1.526940799666524740e+01
1.527400394274260087e+01
1.527857135403729671e+01
1.528311017267225935e+01
1.528762035995179502e+01
1.529210191736189728e+01
1.529655488169629152e+01
1.530097932065076449e+01
1.530537532885109542e+01
1.530974302427993017e+01
1.531408254506978395e+01
1.531839404663129756e+01
1.532267769399561175e+01
1.532693367389107131e+01
1.533116217945665838e+01
1.533536341249122259e+01
1.533953758186070537e+01
1.534368490209224944e+01
1.534780559213979600e+01
1.535189987430416814e+01
1.535596797329209551e+01
1.536001011539985228e+01
1.536402646197418953e+01
1.536801731270205096e+01
1.537198289508431159e+01
1.537592343589981247e+01
1.537983916084556135e+01
1.538373029423303784e+01
1.538759705873815875e+01
1.539143967519824940e+01
1.539525836245012158e+01
1.539905333720392377e+01
1.540282481394795155e+01
1.540657300488026316e+01
1.541029811986317277e+01
1.541400036639736726e+01
1.541767994961259092e+01
1.542133707227231554e+01
1.542497193479005446e+01
1.542858472628407895e+01
1.543217565053664764e+01
1.543574490122633591e+01
1.543929266985543336e+01
1.544281914580124138e+01
1.544632451636565662e+01
1.544980896682633897e+01
1.545327268048865754e+01
1.545671583873783206e+01
1.546013862109066395e+01
1.546354120524643250e+01
1.546692376713665062e+01
1.547028648097327697e+01
1.547362951929524577e+01
1.547695305301307123e+01
1.548025725145144804e+01
1.548354228238971686e+01
1.548680831838182570e+01
1.549005552966821853e+01
1.549328407943735897e+01
1.549649412947647065e+01
1.549968584019342899e+01
1.550285937064444397e+01
1.550601487855975336e+01
1.550915252036736902e+01
1.551227245121499188e+01
1.551537482499019127e+01
1.551845979433882761e+01
1.552152751068194547e+01
1.552457812423111605e+01
1.552761178400236908e+01
1.553063073627948754e+01
1.553363301873605629e+01
1.553661877719257767e+01
1.553958815629529155e+01
1.554254129987274524e+01
1.554547834991022981e+01
1.554839944757714321e+01
1.555130473289781889e+01
1.555419434475685492e+01
1.555706842090379993e+01
1.555992709795723883e+01
1.556277051140839873e+01
1.556559879562426474e+01
1.556841208385032616e+01
1.557121050821297281e+01
1.557399419972162669e+01
1.557676328827059820e+01
1.557951790264078440e+01
1.558225817050120021e+01
1.558498421841041548e+01
1.558769617181790856e+01
1.559039415506535420e+01
1.559307829138796642e+01
1.559574870291579352e+01
1.559840551067510894e+01
1.560104883458982705e+01
1.560367879348306985e+01
1.560629550507876928e+01
1.560889908600347020e+01
1.561148965178823111e+01
1.561406731687069538e+01
1.561663219459734187e+01
1.561918439722590968e+01
1.562172403592800585e+01
1.562425122079192619e+01
1.562676606082568576e+01
1.562926866396022518e+01
1.563175913705286568e+01
1.563423758589098611e+01
1.563670411519588299e+01
1.563915882862688456e+01
1.564160182878567795e+01
1.564403321722084428e+01
1.564645309443263876e+01
1.564886155987796634e+01
1.565125871197557395e+01
1.565364464811147194e+01
1.565601946464455096e+01
1.565838325679069953e+01
1.566073611883191319e+01
1.566307814408648191e+01
1.566540942486981791e+01
1.566773005250103701e+01
1.567004011730976920e+01
1.567233970864305270e+01
1.567462891487250687e+01
1.567690782340156019e+01
1.567917652067290213e+01
1.568143509217603082e+01
1.568368362245496250e+01
1.568592219511607411e+01
1.568815089283604891e+01
1.569036979736997139e+01
1.569257898955948249e+01
1.569477854934107874e+01
1.569696855575449668e+01
1.569914908695115940e+01
1.570132021962499103e+01
1.570348203079196026e+01
1.570563459598832168e+01
1.570777798989669805e+01
1.570991228635486969e+01
1.571203755836462790e+01
1.571415387810063891e+01
1.571626131691937545e+01
1.571835994536803938e+01
1.572044983319354650e+01
1.572253104935149004e+01
1.572460366201513082e+01
1.572666773858439448e+01
1.572872334569486874e+01
1.573077054822320520e+01
1.573280941235780261e+01
1.573484000249368897e+01
1.573686238229743850e+01
1.573887661471606592e+01
1.574088276198593483e+01
1.574288088564157562e+01
1.574487104652451919e+01
1.574685330479204204e+01
1.574882771992591657e+01
1.575079435074105305e+01
1.575275325539414695e+01
1.575470449139222850e+01
1.575664811560118395e+01
1.575858418425418073e+01
1.576051275296007681e+01
1.576243387671170382e+01
1.576434760989415551e+01
1.576625400629292351e+01
1.576815311910201878e+01
1.577004500093201145e+01
1.577192970381794623e+01
1.577380727922725612e+01
1.577567777806752147e+01
1.577754125069419899e+01
1.577939774691824937e+01
1.578124731601365838e+01
1.578309000672494200e+01
1.578492586727446145e+01
1.578675494536975599e+01
1.578857728821072293e+01
1.579039294249672487e+01
1.579220195443361341e+01
1.579400436974066935e+01
1.579580023365744168e+01
1.579758959095049775e+01
1.579937248592008103e+01
1.580114896240670674e+01
1.580291906379762423e+01
1.580468283303321542e+01
1.580644031261329729e+01
1.580819154460334985e+01
1.580993657064061253e+01
1.581167543194015401e+01
1.581340816930078574e+01
1.581513482311094521e+01
1.581685543335444777e+01
1.581857003961618524e+01
1.582027868108769830e+01
1.582198139657272407e+01
1.582367822449257488e+01
1.582536920289151183e+01
1.582705436944198496e+01
1.582873376144980604e+01
1.583040741585923428e+01
1.583207536925799097e+01
1.583373765788217113e+01
1.583539431762110894e+01
1.583704538402212059e+01
1.583869089229520633e+01
1.584033087731765832e+01
1.584196537363858504e+01
1.584359441548337877e+01
1.584521803675809437e+01
1.584683627105374626e+01
1.584844915165057344e+01
1.585005671152216955e+01
1.585165898333959333e+01
1.585325599947538855e+01
1.585484779200754701e+01
1.585643439252651454e+01
1.585801583273257265e+01
1.585959214384322102e+01
1.586116335679655087e+01
1.586272950225483669e+01
1.586429061060813517e+01
1.586584671197776153e+01
1.586739783621974098e+01
1.586894401292817847e+01
1.587048527143860355e+01
1.587202164083120692e+01
1.587355314993406630e+01
1.587507982732628875e+01
1.587660170134111581e+01
1.587811880006895393e+01
1.587963115136038894e+01
1.588113878282908509e+01
1.588264172185472312e+01
1.588413999558578737e+01
1.588563363094239023e+01
1.588712265461899165e+01
1.588860709308710462e+01
1.589008697259794545e+01
1.589156231918500595e+01
1.589303315866664690e+01
1.589449951664859029e+01
1.589596141852639732e+01
1.589741888948788784e+01
1.589887195451554192e+01
1.590032063838881982e+01
1.590176496568651032e+01
1.590320496078895474e+01
1.590464064788031706e+01
1.590607205095073695e+01
1.590749919379852528e+01
1.590892210003226026e+01
1.591034079307288529e+01
1.591175529615574824e+01
1.591316563233264603e+01
1.591457182447377150e+01
1.591597389526970829e+01
1.591737186723331732e+01
1.591876576270166410e+01
1.592015560383783601e+01
1.592154141263281986e+01
1.592292321090727469e+01
1.592430102031331529e+01
1.592567486233626539e+01
1.592704475829636657e+01
1.592841072935047464e+01
1.592977279649374367e+01
1.593113098056124599e+01
1.593248530222959758e+01
1.593383578201855855e+01
1.593518244029259634e+01
1.593652529726242939e+01
1.593786437298655656e+01
1.593919968737276527e+01
1.594053126017958455e+01
1.594185911101778430e+01
1.594318325935176794e+01
1.594450372450103259e+01
1.594582052564152796e+01
1.594713368180706681e+01
1.594844321189066250e+01
1.594974913464587019e+01
1.595105146868812440e+01
1.595235023249601980e+01
1.595364544441262566e+01
1.595493712264672581e+01
1.595622528527408512e+01
1.595750995023869123e+01
1.595879113535395710e+01
1.596006885830394673e+01
1.596134313664454751e+01
1.596261398780464447e+01
1.596388142908728192e+01
1.596514547767081993e+01
1.596640615061004098e+01
1.596766346483728327e+01
1.596891743716353140e+01
1.597016808427952128e+01
1.597141542275679349e+01
1.597265946904877865e+01
1.597390023949183302e+01
1.597513775030628480e+01
1.597637201759745373e+01
1.597760305735667075e+01
1.597883088546227981e+01
1.598005551768061672e+01
1.598127696965736710e+01
1.598249525693470474e+01
1.598371039494897872e+01
1.598492239902839529e+01
1.598613128439394870e+01
1.598733706616036621e+01
1.598853975933699445e+01
1.598973937882873564e+01
1.599093593943692504e+01
1.599212945586270429e+01
1.599331994270504786e+01
1.599450741445980739e+01
1.599569188552277765e+01
1.599687337019054745e+01
1.599805188266132738e+01
1.599922743703580608e+01
1.600040004731796017e+01
1.600156972741588390e+01
1.600273649114257424e+01
1.600390035221676754e+01
1.600506132426371053e+01
1.600621942081594540e+01
1.600737465531408432e+01
1.600852704110761238e+01
1.600967659145559452e+01
1.601082331952748916e+01
1.601196723840386227e+01
1.601310836107711566e+01
1.601424670045226861e+01
1.601538226934763998e+01
1.601651508049559069e+01
1.601764514654323790e+01
1.601877248005314414e+01
1.601989709350404212e+01
1.602101899929150619e+01
1.602213820972866287e+01
1.602325473704684100e+01
1.602436859339627873e+01
1.602547979084677721e+01
1.602658834138835431e+01
1.602769425693191252e+01
1.602879754930989264e+01
1.602989823027691685e+01
1.603099631151041748e+01
1.603209180461126948e+01
1.603318472110444759e+01
1.603427507243959482e+01
1.603536286999170457e+01
1.603644812506167128e+01
1.603753084887692637e+01
1.603861105259203867e+01
1.603968874728930061e+01
1.604076394397932148e+01
1.604183665360160305e+01
1.604290688702513989e+01
1.604397465504896303e+01
1.604503996840273672e+01
1.604610283774730917e+01
1.604716327367527029e+01
1.604822128671150594e+01
1.604927688731375923e+01
1.605033008587314924e+01
1.605138089271474655e+01
1.605242931809806706e+01
1.605347537221763332e+01
1.605451906520349326e+01
1.605556040712172816e+01
1.605659940797498209e+01
1.605763607770296630e+01
1.605867042618297802e+01
1.605970246323039063e+01
1.606073219859914758e+01
1.606175964198227746e+01
1.606278480301237011e+01
1.606380769126204910e+01
1.606482831624449048e+01
1.606584668741386324e+01
1.606686281416581252e+01
1.606787670583793570e+01
1.606888837171024065e+01
1.606989782100561825e+01
1.607090506289027587e+01
1.607191010647420626e+01
1.607291296081162457e+01
1.607391363490143732e+01
1.607491213768765448e+01
1.607590847805984424e+01
1.607690266485355579e+01
1.607789470685073852e+01
1.607888461278020742e+01
1.607987239131801616e+01
1.608085805108790822e+01
1.608184160066171131e+01
1.608282304855976008e+01
1.608380240325129762e+01
1.608477967315487689e+01
1.608575486663877285e+01
1.608672799202134840e+01
1.608769905757148067e+01
1.608866807150894118e+01
1.608963504200476180e+01
1.609059997718163970e+01
1.609156288511430688e+01
1.609252377382990318e+01
1.609348265130835998e+01
1.609443952548274837e+01
1.609539440423965573e+01
1.609634729541956233e+01
1.609729820681717527e+01
1.609824714618179087e+01
1.609919412121766769e+01
1.610013913958433918e+01
1.610108220889699027e+01
1.610202333672679131e+01
1.610296253060122496e+01
1.610389979800445559e+01
1.610483514637761004e+01
1.610576858311917192e+01
1.610670011558526227e+01
1.610762975108997352e+01
1.610855749690571059e+01
1.610948336026349281e+01
1.611040734835326660e+01
1.611132946832423585e+01
1.611224972728516036e+01
1.611316813230465428e+01
1.611408469041151648e+01
1.611499940859501123e+01
1.611591229380517376e+01
1.611682335295311219e+01
1.611773259291128824e+01
1.611864002051382982e+01
1.611954564255678690e+01
1.612044946579845472e+01
1.612135149695962610e+01
1.612225174272389694e+01
1.612315020973792201e+01
1.612404690461170986e+01
1.612494183391888214e+01
1.612583500419694360e+01
1.612672642194756989e+01
1.612761609363685267e+01
1.612850402569556252e+01
1.612939022451942606e+01
1.613027469646937107e+01
1.613115744787178230e+01
1.613203848501877147e+01
1.613291781416840820e+01
1.613379544154497935e+01
1.613467137333923063e+01
1.613554561570862589e+01
1.613641817477756746e+01
1.613728905663765190e+01
1.613815826734790804e+01
1.613902581293502436e+01
1.613989169939359059e+01
1.614075593268630726e+01
1.614161851874426290e+01
1.614247946346711871e+01
1.614333877272334306e+01
1.614419645235044598e+01
1.614505250815518878e+01
1.614590694591381137e+01
1.614675977137223839e+01
1.614761099024632074e+01
1.614846060822201324e+01
1.614930863095560198e+01
1.615015506407393886e+01
1.615099991317459782e+01
1.615184318382612005e+01
1.615268488156820581e+01
1.615352501191192403e+01
1.615436358033988995e+01
1.615520059230649608e+01
1.615603605323806846e+01
1.615686996853311541e+01
1.615770234356246604e+01
1.615853318366949765e+01
1.615936249417030268e+01
1.616019028035390193e+01
1.616101654748240435e+01
1.616184130079121317e+01
1.616266454548918574e+01
1.616348628675884314e+01
1.616430652975653359e+01
1.616512527961260304e+01
1.616594254143158693e+01
1.616675832029237725e+01
1.616757262124841077e+01
1.616838544932780408e+01
1.616919680953357386e+01
1.617000670684376473e+01
1.617081514621163763e+01
1.617162213256581893e+01
1.617242767081050303e+01
1.617323176582556243e+01
1.617403442246675382e+01
1.617483564556583531e+01
1.617563543993078667e+01
1.617643381034590888e+01
1.617723076157199813e+01
1.617802629834651285e+01
1.617882042538371579e+01
1.617961314737482326e+01
1.618040446898818274e+01
1.618119439486936884e+01
1.618198292964138929e+01
1.618277007790479871e+01
1.618355584423785132e+01
1.618434023319663950e+01
1.618512324931525370e+01
1.618590489710591385e+01
1.618668518105910081e+01
1.618746410564371274e+01
1.618824167530720004e+01
1.618901789447568618e+01
1.618979276755412755e+01
1.619056629892644139e+01
1.619133849295561944e+01
1.619210935398388429e+01
1.619287888633282790e+01
1.619364709430350047e+01
1.619441398217659156e+01
1.619517955421251898e+01
1.619594381465158150e+01
1.619670676771406193e+01
1.619746841760037626e+01
1.619822876849117677e+01
1.619898782454750119e+01
1.619974558991086155e+01
1.620050206870338272e+01
1.620125726502794095e+01
1.620201118296824561e+01
1.620276382658897774e+01
1.620351519993591793e+01
1.620426530703603518e+01
1.620501415189763250e+01
1.620576173851042867e+01
1.620650807084570744e+01
1.620725315285640278e+01
1.620799698847721615e+01
1.620873958162474082e+01
1.620948093619756136e+01
1.621022105607634956e+01
1.621095994512401006e+01
1.621169760718574082e+01
1.621243404608918226e+01
1.621316926564448835e+01
1.621390326964445805e+01
1.621463606186462769e+01
1.621536764606336334e+01
1.621609802598199579e+01
1.621682720534488453e+01
1.621755518785953143e+01
1.621828197721671216e+01
1.621900757709051533e+01
1.621973199113848807e+01
1.622045522300173204e+01
1.622117727630497086e+01
1.622189815465667095e+01
1.622261786164912323e+01
1.622333640085856032e+01
1.622405377584522057e+01
1.622476999015346166e+01
1.622548504731184948e+01
1.622619895083324693e+01
1.622691170421490980e+01
1.622762331093856858e+01
1.622833377447053493e+01
1.622904309826176927e+01
1.622975128574798376e+01
1.623045834034974177e+01
1.623116426547251834e+01
1.623186906450679245e+01
1.623257274082815727e+01
1.623327529779738398e+01
1.623397673876050717e+01
1.623467706704891356e+01
1.623537628597943439e+01
1.623607439885441295e+01
1.623677140896179338e+01
1.623746731957520240e+01
1.623816213395404162e+01
1.623885585534354448e+01
1.623954848697488274e+01
1.624024003206521627e+01
1.624093049381780673e+01
1.624161987542207441e+01
1.624230818005366572e+01
1.624299541087456333e+01
1.624368157103313592e+01
1.624436666366421989e+01
1.624505069188920459e+01
1.624573365881610343e+01
1.624641556753961424e+01
1.624709642114121166e+01
1.624777622268922173e+01
1.624845497523887516e+01
1.624913268183240689e+01
1.624980934549909506e+01
1.625048496925537478e+01
1.625115955610485940e+01
1.625183310903846490e+01
1.625250563103443113e+01
1.625317712505842138e+01
1.625384759406359336e+01
1.625451704099063477e+01
1.625518546876788051e+01
1.625585288031133757e+01
1.625651927852477741e+01
1.625718466629978920e+01
1.625784904651585450e+01
1.625851242204042180e+01
1.625917479572894209e+01
1.625983617042496121e+01
1.626049654896018737e+01
1.626115593415452665e+01
1.626181432881617539e+01
1.626247173574167704e+01
1.626312815771596476e+01
1.626378359751245739e+01
1.626443805789309138e+01
1.626509154160840254e+01
1.626574405139758284e+01
1.626639558998853374e+01
1.626704616009793369e+01
1.626769576443129850e+01
1.626834440568304174e+01
1.626899208653651385e+01
1.626963880966410514e+01
1.627028457772726355e+01
1.627092939337656574e+01
1.627157325925178810e+01
1.627221617798193520e+01
1.627285815218533571e+01
1.627349918446965660e+01
1.627413927743199906e+01
1.627477843365892340e+01
1.627541665572652718e+01
1.627605394620047718e+01
1.627669030763610536e+01
1.627732574257839815e+01
1.627796025356212439e+01
1.627859384311183177e+01
1.627922651374192498e+01
1.627985826795672963e+01
1.628048910825051721e+01
1.628111903710757247e+01
1.628174805700225747e+01
1.628237617039903640e+01
1.628300337975255374e+01
1.628362968750766981e+01
1.628425509609951760e+01
1.628487960795354539e+01
1.628550322548557006e+01
1.628612595110184813e+01
1.628674778719909355e+01
1.628736873616454517e+01
1.628798880037600227e+01
1.628860798220189565e+01
1.628922628400131956e+01
1.628984370812407789e+01
1.629046025691073396e+01
1.629107593269268506e+01
1.629169073779215537e+01
1.629230467452228837e+01
1.629291774518718938e+01
1.629352995208193278e+01
1.629414129749266138e+01
1.629475178369660071e+01
1.629536141296210516e+01
1.629597018754872195e+01
1.629657810970720888e+01
1.629718518167960184e+01
1.629779140569925033e+01
1.629839678399086011e+01
1.629900131877054648e+01
1.629960501224585556e+01
1.630020786661583898e+01
1.630080988407107156e+01
1.630141106679370111e+01
1.630201141695750167e+01
1.630261093672790906e+01
1.630320962826204223e+01
1.630380749370878846e+01
1.630440453520879984e+01
1.630500075489457146e+01
1.630559615489045555e+01
1.630619073731271129e+01
1.630678450426956161e+01
1.630737745786120030e+01
1.630796960017986308e+01
1.630856093330984535e+01
1.630915145932756261e+01
1.630974118030157172e+01
1.631033009829261005e+01
1.631091821535365227e+01
1.631150553352993171e+01
1.631209205485899361e+01
1.631267778137071289e+01
1.631326271508734393e+01
1.631384685802356671e+01
1.631443021218651168e+01
1.631501277957579532e+01
1.631559456218356630e+01
1.631617556199454810e+01
1.631675578098604973e+01
1.631733522112803314e+01
1.631791388438312040e+01
1.631849177270665763e+01
1.631906888804673628e+01
1.631964523234421449e+01
1.632022080753279170e+01
1.632079561553899438e+01
1.632136965828225428e+01
1.632194293767490834e+01
1.632251545562227335e+01
1.632308721402263885e+01
1.632365821476732393e+01
1.632422845974069503e+01
1.632479795082023699e+01
1.632536668987653883e+01
1.632593467877335058e+01
1.632650191936762241e+01
1.632706841350952587e+01
1.632763416304248594e+01
1.632819916980322716e+01
1.632876343562178434e+01
1.632932696232155934e+01
1.632988975171932466e+01
1.633045180562529808e+01
1.633101312584311415e+01
1.633157371416991310e+01
1.633213357239633368e+01
1.633269270230656645e+01
1.633325110567837513e+01
1.633380878428312499e+01
1.633436573988581486e+01
1.633492197424511971e+01
1.633547748911339781e+01
1.633603228623673687e+01
1.633658636735498959e+01
1.633713973420177723e+01
1.633769238850455707e+01
1.633824433198460468e+01
1.633879556635708497e+01
1.633934609333106636e+01
1.633989591460954216e+01
1.634044503188945896e+01
1.634099344686176281e+01
1.634154116121140632e+01
1.634208817661739843e+01
1.634263449475280083e+01
1.634318011728479192e+01
1.634372504587466679e+01
1.634426928217787989e+01
1.634481282784407341e+01
1.634535568451707732e+01
1.634589785383499461e+01
1.634643933743014799e+01
1.634698013692917939e+01
1.634752025395304287e+01
1.634805969011702587e+01
1.634859844703078835e+01
1.634913652629838410e+01
1.634967392951828913e+01
1.635021065828343367e+01
1.635074671418119863e+01
1.635128209879349015e+01
1.635181681369671480e+01
1.635235086046183284e+01
1.635288424065438306e+01
1.635341695583449706e+01
1.635394900755694181e+01
1.635448039737110548e+01
1.635501112682106850e+01
1.635554119744560708e+01
1.635607061077820745e+01
1.635659936834710493e+01
1.635712747167531589e+01
1.635765492228062001e+01
1.635818172167563844e+01
1.635870787136781956e+01
1.635923337285948165e+01
1.635975822764781640e+01
1.636028243722494224e+01
1.636080600307789368e+01
1.636132892668866745e+01
1.636185120953423677e+01
1.636237285308657619e+01
1.636289385881268288e+01
1.636341422817459801e+01
1.636393396262942801e+01
1.636445306362937302e+01
1.636497153262173754e+01
1.636548937104896950e+01
1.636600658034866385e+01
1.636652316195359447e+01
1.636703911729173200e+01
1.636755444778627577e+01
1.636806915485564673e+01
1.636858323991354425e+01
1.636909670436894970e+01
1.636960954962613357e+01
1.637012177708470873e+01
1.637063338813962332e+01
1.637114438418119278e+01
1.637165476659512109e+01
1.637216453676251504e+01
1.637267369605991618e+01
1.637318224585929727e+01
1.637369018752811201e+01
1.637419752242929860e+01
1.637470425192130108e+01
1.637521037735807994e+01
1.637571590008916189e+01
1.637622082145961500e+01
1.637672514281010905e+01
1.637722886547691559e+01
1.637773199079191855e+01
1.637823452008265690e+01
1.637873645467231754e+01
1.637923779587978146e+01
1.637973854501961668e+01
1.638023870340211374e+01
1.638073827233329638e+01
1.638123725311494638e+01
1.638173564704460361e+01
1.638223345541562281e+01
1.638273067951714879e+01
1.638322732063415188e+01
1.638372338004746709e+01
1.638421885903376207e+01
1.638471375886561177e+01
1.638520808081146996e+01
1.638570182613572257e+01
1.638619499609866992e+01
1.638668759195657643e+01
1.638717961496166353e+01
1.638767106636214521e+01
1.638816194740223864e+01
1.638865225932217129e+01
1.638914200335820581e+01
1.638963118074266845e+01
1.639011979270394193e+01
1.639060784046650099e+01
1.639109532525092305e+01
1.639158224827389887e+01
1.639206861074825738e+01
1.639255441388297641e+01
1.639303965888321812e+01
1.639352434695029004e+01
1.639400847928174443e+01
1.639449205707130730e+01
1.639497508150896721e+01
1.639545755378095038e+01
1.639593947506973137e+01
1.639642084655408638e+01
1.639690166940906835e+01
1.639738194480604250e+01
1.639786167391270411e+01
1.639834085789308915e+01
1.639881949790757432e+01
1.639929759511292673e+01
1.639977515066227909e+01
1.640025216570518296e+01
1.640072864138758746e+01
1.640120457885188188e+01
1.640167997923689924e+01
1.640215484367793053e+01
1.640262917330673531e+01
1.640310296925156663e+01
1.640357623263718523e+01
1.640404896458485240e+01
1.640452116621237977e+01
1.640499283863411506e+01
1.640546398296095987e+01
1.640593460030039807e+01
1.640640469175649940e+01
1.640687425842993719e+01
1.640734330141798836e+01
1.640781182181457254e+01
1.640827982071024849e+01
1.640874729919222830e+01
1.640921425834439162e+01
1.640968069924730699e+01
1.641014662297824245e+01
1.641061203061116203e+01
1.641107692321677192e+01
1.641154130186249915e+01
1.641200516761253070e+01
1.641246852152780633e+01
1.641293136466605773e+01
1.641339369808178716e+01
1.641385552282631011e+01
1.641431683994775526e+01
1.641477765049107163e+01
1.641523795549805698e+01
1.641569775600734715e+01
1.641615705305446937e+01
1.641661584767179960e+01
1.641707414088862649e+01
1.641753193373112651e+01
1.641798922722238885e+01
1.641844602238244732e+01
1.641890232022825913e+01
1.641935812177373322e+01
1.641981342802974808e+01
1.642026824000416241e+01
1.642072255870180086e+01
1.642117638512451450e+01
1.642162972027114520e+01
1.642208256513756837e+01
1.642253492071668219e+01
1.642298678799844325e+01
1.642343816796986644e+01
1.642388906161502149e+01
1.642433946991506843e+01
1.642478939384826475e+01
1.642523883438996535e+01
1.642568779251263322e+01
1.642613626918586434e+01
1.642658426537640182e+01
1.642703178204811820e+01
1.642747882016205097e+01
1.642792538067642027e+01
1.642837146454661479e+01
1.642881707272521297e+01
1.642926220616201505e+01
1.642970686580402173e+01
1.643015105259545194e+01
1.643059476747777836e+01
1.643103801138970255e+01
1.643148078526719047e+01
1.643192309004347962e+01
1.643236492664908255e+01
1.643280629601180109e+01
1.643324719905672282e+01
1.643368763670626720e+01
1.643412760988016075e+01
1.643456711949545479e+01
1.643500616646655388e+01
1.643544475170519803e+01
1.643588287612049825e+01
1.643632054061893655e+01
1.643675774610436946e+01
1.643719449347803874e+01
1.643763078363860330e+01
1.643806661748212150e+01
1.643850199590206529e+01
1.643893691978934868e+01
1.643937139003232417e+01
1.643980540751678276e+01
1.644023897312598592e+01
1.644067208774065492e+01
1.644110475223899925e+01
1.644153696749670246e+01
1.644196873438696116e+01
1.644240005378045666e+01
1.644283092654541178e+01
1.644326135354755181e+01
1.644369133565015062e+01
1.644412087371402720e+01
1.644454996859753493e+01
1.644497862115661135e+01
1.644540683224475330e+01
1.644583460271303821e+01
1.644626193341014186e+01
1.644668882518232067e+01
1.644711527887345781e+01
1.644754129532503839e+01
1.644796687537618141e+01
1.644839201986363619e+01
1.644881672962178953e+01
1.644924100548268697e+01
1.644966484827603281e+01
1.645008825882920078e+01
1.645051123796723758e+01
1.645093378651287708e+01
1.645135590528655456e+01
1.645177759510639248e+01
1.645219885678824667e+01
1.645261969114567080e+01
1.645304009898996256e+01
1.645346008113015301e+01
1.645387963837300305e+01
1.645429877152306020e+01
1.645471748138259116e+01
1.645513576875167061e+01
1.645555363442812791e+01
1.645597107920758262e+01
1.645638810388345519e+01
1.645680470924695982e+01
1.645722089608712579e+01
1.645763666519079749e+01
1.645805201734265211e+01
1.645846695332518550e+01
1.645888147391875833e+01
1.645929557990155701e+01
1.645970927204964340e+01
1.646012255113693001e+01
1.646053541793521902e+01
1.646094787321417385e+01
1.646135991774136542e+01
1.646177155228225431e+01
1.646218277760018722e+01
1.646259359445644677e+01
1.646300400361022298e+01
1.646341400581862757e+01
1.646382360183672233e+01
1.646423279241749071e+01
1.646464157831186981e+01
1.646504996026876100e+01
1.646545793903501931e+01
1.646586551535548182e+01
1.646627268997294635e+01
1.646667946362820700e+01
1.646708583706005058e+01
1.646749181100525306e+01
1.646789738619861154e+01
1.646830256337292298e+01
1.646870734325901608e+01
1.646911172658573719e+01
1.646951571407997150e+01
1.646991930646665026e+01
1.647032250446874357e+01
1.647072530880728536e+01
1.647112772020136973e+01
1.647152973936816167e+01
1.647193136702288996e+01
1.647233260387888265e+01
1.647273345064754935e+01
1.647313390803839894e+01
1.647353397675903608e+01
1.647393365751518957e+01
1.647433295101068751e+01
1.647473185794748929e+01
1.647513037902568911e+01
1.647552851494350890e+01
1.647592626639731606e+01
1.647632363408162703e+01
1.647672061868911442e+01
1.647711722091061404e+01
1.647751344143512853e+01
1.647790928094983087e+01
1.647830474014008928e+01
1.647869981968944586e+01
1.647909452027963795e+01
1.647948884259060875e+01
1.647988278730051448e+01
1.648027635508570299e+01
1.648066954662075645e+01
1.648106236257848778e+01
1.648145480362992288e+01
1.648184687044433616e+01
1.648223856368925055e+01
1.648262988403043039e+01
1.648302083213189206e+01
1.648341140865592180e+01
1.648380161426307566e+01
1.648419144961216887e+01
1.648458091536031134e+01
1.648497001216289348e+01
1.648535874067359686e+01
1.648574710154439771e+01
1.648613509542557765e+01
1.648652272296572718e+01
1.648690998481175285e+01
1.648729688160888074e+01
1.648768341400065651e+01
1.648806958262897382e+01
1.648845538813404943e+01
1.648884083115444810e+01
1.648922591232708257e+01
1.648961063228721713e+01
1.648999499166849247e+01
1.649037899110289374e+01
1.649076263122079311e+01
1.649114591265092855e+01
1.649152883602042152e+01
1.649191140195479477e+01
1.649229361107794745e+01
1.649267546401218354e+01
1.649305696137821897e+01
1.649343810379517095e+01
1.649381889188056860e+01
1.649419932625037433e+01
1.649457940751895890e+01
1.649495913629914057e+01
1.649533851320215661e+01
1.649571753883770597e+01
1.649609621381392088e+01
1.649647453873738812e+01
1.649685251421315613e+01
1.649723014084472084e+01
1.649760741923406826e+01
1.649798434998163899e+01
1.649836093368635659e+01
1.649873717094563830e+01
1.649911306235537012e+01
1.649948860850994237e+01
1.649986381000223901e+01
1.650023866742365541e+01
1.650061318136408062e+01
1.650098735241193282e+01
1.650136118115414163e+01
1.650173466817614809e+01
1.650210781406194016e+01
1.650248061939402078e+01
1.650285308475344692e+01
1.650322521071980475e+01
1.650359699787123091e+01
1.650396844678441965e+01
1.650433955803461572e+01
1.650471033219562500e+01
1.650508076983982875e+01
1.650545087153816226e+01
1.650582063786015397e+01
1.650619006937390054e+01
1.650655916664609180e+01
1.650692793024200711e+01
1.650729636072550832e+01
1.650766445865906817e+01
1.650803222460375963e+01
1.650839965911926654e+01
1.650876676276388366e+01
1.650913353609451306e+01
1.650949997966668548e+01
1.650986609403457450e+01
1.651023187975095752e+01
1.651059733736726542e+01
1.651096246743355067e+01
1.651132727049853699e+01
1.651169174710956611e+01
1.651205589781265459e+01
1.651241972315247253e+01
1.651278322367233997e+01
1.651314639991425182e+01
1.651350925241887779e+01
1.651387178172555181e+01
1.651423398837229684e+01
1.651459587289580355e+01
1.651495743583146592e+01
1.651531867771336337e+01
1.651567959907427152e+01
1.651604020044566212e+01
1.651640048235771729e+01
1.651676044533932597e+01
1.651712008991808744e+01
1.651747941662031494e+01
1.651783842597104979e+01
1.651819711849405437e+01
1.651855549471182272e+01
1.651891355514556992e+01
1.651927130031526758e+01
1.651962873073961546e+01
1.651998584693605920e+01
1.652034264942079744e+01
1.652069913870878182e+01
1.652105531531371696e+01
1.652141117974807116e+01
1.652176673252308348e+01
1.652212197414874950e+01
1.652247690513384626e+01
1.652283152598592864e+01
1.652318583721132583e+01
1.652353983931515558e+01
1.652389353280132411e+01
1.652424691817252977e+01
1.652459999593026296e+01
1.652495276657482393e+01
1.652530523060530498e+01
1.652565738851960830e+01
1.652600924081445655e+01
1.652636078798537866e+01
1.652671203052671700e+01
1.652706296893165216e+01
1.652741360369217105e+01
1.652776393529911303e+01
1.652811396424213441e+01
1.652846369100973334e+01
1.652881311608924619e+01
1.652916223996685119e+01
1.652951106312759677e+01
1.652985958605534833e+01
1.653020780923285216e+01
1.653055573314169990e+01
1.653090335826235346e+01
1.653125068507413431e+01
1.653159771405524481e+01
1.653194444568273980e+01
1.653229088043257278e+01
1.653263701877956038e+01
1.653298286119741078e+01
1.653332840815872373e+01
1.653367366013497275e+01
1.653401861759653713e+01
1.653436328101270192e+01
1.653470765085163308e+01
1.653505172758040942e+01
1.653539551166502264e+01
1.653573900357036663e+01
1.653608220376025528e+01
1.653642511269741178e+01
1.653676773084349350e+01
1.653711005865906714e+01
1.653745209660364068e+01
1.653779384513563855e+01
1.653813530471243709e+01
1.653847647579032554e+01
1.653881735882455928e+01
1.653915795426932078e+01
1.653949826257774447e+01
1.653983828420191671e+01
1.654017801959287581e+01
1.654051746920061206e+01
1.654085663347408541e+01
1.654119551286120782e+01
1.654153410780886801e+01
1.654187241876291736e+01
1.654221044616818403e+01
1.654254819046846592e+01
1.654288565210653772e+01
1.654322283152416517e+01
1.654355972916209794e+01
1.654389634546007315e+01
1.654423268085680121e+01
1.654456873579001908e+01
1.654490451069642987e+01
1.654524000601175615e+01
1.654557522217071508e+01
1.654591015960703615e+01
1.654624481875345410e+01
1.654657920004170890e+01
1.654691330390257065e+01
1.654724713076581821e+01
1.654758068106024993e+01
1.654791395521369424e+01
1.654824695365300258e+01
1.654857967680405650e+01
1.654891212509177123e+01
1.654924429894009918e+01
1.654957619877203001e+01
1.654990782500958701e+01
1.655023917807384848e+01
1.655057025838494411e+01
1.655090106636203728e+01
1.655123160242334990e+01
1.655156186698616949e+01
1.655189186046683503e+01
1.655222158328074045e+01
1.655255103584235243e+01
1.655288021856520331e+01
1.655320913186189813e+01
1.655353777614409339e+01
1.655386615182255028e+01
1.655419425930709565e+01
1.655452209900662552e+01
1.655484967132914065e+01
1.655517697668171095e+01
1.655550401547049688e+01
1.655583078810075648e+01
1.655615729497684185e+01
1.655648353650220272e+01
1.655680951307937931e+01
1.655713522511001301e+01
1.655746067299487123e+01
1.655778585713380480e+01
1.655811077792578345e+01
1.655843543576888877e+01
1.655875983106031768e+01
1.655908396419639672e+01
1.655940783557254292e+01
1.655973144558332777e+01
1.656005479462243457e+01
1.656037788308266556e+01
1.656070071135597033e+01
1.656102327983342803e+01
1.656134558890524033e+01
1.656166763896076688e+01
1.656198943038848626e+01
1.656231096357604216e+01
1.656263223891020786e+01
1.656295325677691110e+01
1.656327401756122697e+01
1.656359452164739210e+01
1.656391476941878693e+01
1.656423476125795702e+01
1.656455449754660592e+01
1.656487397866560585e+01
1.656519320499498349e+01
1.656551217691394129e+01
1.656583089480085036e+01
1.656614935903325048e+01
1.656646756998786074e+01
1.656678552804057603e+01
1.656710323356647407e+01
1.656742068693980485e+01
1.656773788853401186e+01
1.656805483872171791e+01
1.656837153787475003e+01
1.656868798636410389e+01
1.656900418455999002e+01
1.656932013283179828e+01
1.656963583154812625e+01
1.656995128107677218e+01
1.657026648178472783e+01
1.657058143403820338e+01
1.657089613820260965e+01
1.657121059464255808e+01
1.657152480372188919e+01
1.657183876580364768e+01
1.657215248125010021e+01
1.657246595042272475e+01
1.657277917368221765e+01
1.657309215138850433e+01
1.657340488390074995e+01
1.657371737157731673e+01
1.657402961477581727e+01
1.657434161385308968e+01
1.657465336916520826e+01
1.657496488106747634e+01
1.657527614991444764e+01
1.657558717605990850e+01
1.657589795985688497e+01
1.657620850165765702e+01
1.657651880181374082e+01
1.657682886067591355e+01
1.657713867859419210e+01
1.657744825591784732e+01
1.657775759299541818e+01
1.657806669017468337e+01
1.657837554780269684e+01
1.657868416622576291e+01
1.657899254578945403e+01
1.657930068683860370e+01
1.657960858971732065e+01
1.657991625476897468e+01
1.658022368233622501e+01
1.658053087276098125e+01
1.658083782638443893e+01
1.658114454354706524e+01
1.658145102458863462e+01
1.658175726984816478e+01
1.658206327966397708e+01
1.658236905437368591e+01
1.658267459431417379e+01
1.658297989982163045e+01
1.658328497123152090e+01
1.658358980887862799e+01
1.658389441309700629e+01
1.658419878422001403e+01
1.658450292258031666e+01
1.658480682850987975e+01
1.658511050233996542e+01
1.658541394440114303e+01
1.658571715502329269e+01
1.658602013453560176e+01
1.658632288326657189e+01
1.658662540154401199e+01
1.658692768969505238e+01
1.658722974804613060e+01
1.658753157692300917e+01
1.658783317665077561e+01
1.658813454755382821e+01
1.658843568995590445e+01
1.658873660418004903e+01
1.658903729054865295e+01
1.658933774938342509e+01
1.658963798100541354e+01
1.658993798573499134e+01
1.659023776389187077e+01
1.659053731579511037e+01
1.659083664176308659e+01
1.659113574211353281e+01
1.659143461716352874e+01
1.659173326722947905e+01
1.659203169262715249e+01
1.659232989367165700e+01
1.659262787067745393e+01
1.659292562395835091e+01
1.659322315382751256e+01
1.659352046059746044e+01
1.659381754458006597e+01
1.659411440608655752e+01
1.659441104542754175e+01
1.659470746291296450e+01
1.659500365885214279e+01
1.659529963355376836e+01
1.659559538732588635e+01
1.659589092047592018e+01
1.659618623331065379e+01
1.659648132613625648e+01
1.659677619925825809e+01
1.659707085298156670e+01
1.659736528761047580e+01
1.659765950344865360e+01
1.659795350079914300e+01
1.659824727996437588e+01
1.659854084124616236e+01
1.659883418494570506e+01
1.659912731136358133e+01
1.659942022079977519e+01
1.659971291355364542e+01
1.660000538992395036e+01
1.660029765020883374e+01
1.660058969470584245e+01
1.660088152371192649e+01
1.660117313752341417e+01
1.660146453643605469e+01
1.660175572074498263e+01
1.660204669074474282e+01
1.660233744672929035e+01
1.660262798899197634e+01
1.660291831782556571e+01
1.660320843352222653e+01
1.660349833637355133e+01
1.660378802667053222e+01
1.660407750470358224e+01
1.660436677076252110e+01
1.660465582513659655e+01
1.660494466811447367e+01
1.660523329998422781e+01
1.660552172103337298e+01
1.660580993154882634e+01
1.660609793181694727e+01
1.660638572212351605e+01
1.660667330275373388e+01
1.660696067399224063e+01
1.660724783612310063e+01
1.660753478942982042e+01
1.660782153419532037e+01
1.660810807070198081e+01
1.660839439923160299e+01
1.660868052006542683e+01
1.660896643348414159e+01
1.660925213976786807e+01
1.660953763919617643e+01
1.660982293204807547e+01
1.661010801860202335e+01
1.661039289913592398e+01
1.661067757392712707e+01
1.661096204325244230e+01
1.661124630738811803e+01
1.661153036660986260e+01
1.661181422119283368e+01
1.661209787141164895e+01
1.661238131754038250e+01
1.661266455985256130e+01
1.661294759862118653e+01
1.661323043411870515e+01
1.661351306661703120e+01
1.661379549638754938e+01
1.661407772370109370e+01
1.661435974882798661e+01
1.661464157203800340e+01
1.661492319360039360e+01
1.661520461378387026e+01
1.661548583285663838e+01
1.661576685108635232e+01
1.661604766874015837e+01
1.661632828608466994e+01
1.661660870338598883e+01
1.661688892090968039e+01
1.661716893892080549e+01
1.661744875768389207e+01
1.661772837746296361e+01
1.661800779852152488e+01
1.661828702112255485e+01
1.661856604552854577e+01
1.661884487200143923e+01
1.661912350080270429e+01
1.661940193219328421e+01
1.661968016643360357e+01
1.661995820378360733e+01
1.662023604450271108e+01
1.662051368884983304e+01
1.662079113708339406e+01
1.662106838946131404e+01
1.662134544624100130e+01
1.662162230767938098e+01
1.662189897403286665e+01
1.662217544555738513e+01
1.662245172250836234e+01
1.662272780514073389e+01
1.662300369370893804e+01
1.662327938846692987e+01
1.662355488966817063e+01
1.662383019756562774e+01
1.662410531241178546e+01
1.662438023445864133e+01
1.662465496395770970e+01
1.662492950116001467e+01
1.662520384631610426e+01
1.662547799967603979e+01
1.662575196148941359e+01
1.662602573200532419e+01
1.662629931147239404e+01
1.662657270013878019e+01
1.662684589825215298e+01
1.662711890605971377e+01
1.662739172380819141e+01
1.662766435174383872e+01
1.662793679011243597e+01
1.662820903915930870e+01
1.662848109912929218e+01
1.662875297026677401e+01
1.662902465281565867e+01
1.662929614701940295e+01
1.662956745312098406e+01
1.662983857136293153e+01
1.663010950198729887e+01
1.663038024523568836e+01
1.663065080134923690e+01
1.663092117056863373e+01
1.663119135313410268e+01
1.663146134928541642e+01
1.663173115926188217e+01
1.663200078330237019e+01
1.663227022164528535e+01
1.663253947452859194e+01
1.663280854218978888e+01
1.663307742486594520e+01
1.663334612279366809e+01
1.663361463620911707e+01
1.663388296534802180e+01
1.663415111044565009e+01
1.663441907173682921e+01
1.663468684945595655e+01
1.663495444383697119e+01
1.663522185511338591e+01
1.663548908351826583e+01
1.663575612928423908e+01
1.663602299264350037e+01
1.663628967382780388e+01
1.663655617306847390e+01
1.663682249059639773e+01
1.663708862664202570e+01
1.663735458143538892e+01
1.663762035520608151e+01
1.663788594818325706e+01
1.663815136059565702e+01
1.663841659267158946e+01
1.663868164463893606e+01
1.663894651672514513e+01
1.663921120915725282e+01
1.663947572216186899e+01
1.663974005596517358e+01
1.664000421079293801e+01
1.664026818687050024e+01
1.664053198442278614e+01
1.664079560367430588e+01
1.664105904484914333e+01
1.664132230817097735e+01
1.664158539386306046e+01
1.664184830214824373e+01
1.664211103324895191e+01
1.664237358738720474e+01
1.664263596478460983e+01
1.664289816566236979e+01
1.664316019024126447e+01
1.664342203874167936e+01
1.664368371138358071e+01
1.664394520838654046e+01
1.664420652996971839e+01
1.664446767635187285e+01
1.664472864775135719e+01
1.664498944438611616e+01
1.664525006647370731e+01
1.664551051423127603e+01
1.664577078787558051e+01
1.664603088762295968e+01
1.664629081368937236e+01
1.664655056629037944e+01
1.664681014564114392e+01
1.664706955195642379e+01
1.664732878545060046e+01
1.664758784633765032e+01
1.664784673483116251e+01
1.664810545114433893e+01
1.664836399548998003e+01
1.664862236808051321e+01
1.664888056912796088e+01
1.664913859884397240e+01
1.664939645743979924e+01
1.664965414512631980e+01
1.664991166211401108e+01
1.665016900861299121e+01
1.665042618483296621e+01
1.665068319098328331e+01
1.665094002727290246e+01
1.665119669391039636e+01
1.665145319110396827e+01
1.665170951906143770e+01
1.665196567799025118e+01
1.665222166809747506e+01
1.665247748958979912e+01
1.665273314267354365e+01
1.665298862755465237e+01
1.665324394443869593e+01
1.665349909353087554e+01
1.665375407503601224e+01
1.665400888915857536e+01
1.665426353610264698e+01
1.665451801607194682e+01
1.665477232926982509e+01
1.665502647589927676e+01
1.665528045616290953e+01
1.665553427026299715e+01
1.665578791840140838e+01
1.665604140077968864e+01
1.665629471759898905e+01
1.665654786906012319e+01
1.665680085536353516e+01
1.665705367670929959e+01
1.665730633329714294e+01
1.665755882532643284e+01
1.665781115299617809e+01
1.665806331650503225e+01
1.665831531605128291e+01
1.665856715183288017e+01
1.665881882404740466e+01
1.665907033289209593e+01
1.665932167856382762e+01
1.665957286125913939e+01
1.665982388117420143e+01
1.666007473850484644e+01
1.666032543344655537e+01
1.666057596619445391e+01
1.666082633694333737e+01
1.666107654588762443e+01
1.666132659322142118e+01
1.666157647913847484e+01
1.666182620383217738e+01
1.666207576749559038e+01
1.666232517032143079e+01
1.666257441250206739e+01
1.666282349422953502e+01
1.666307241569553099e+01
1.666332117709139382e+01
1.666356977860814936e+01
1.666381822043646821e+01
1.666406650276669055e+01
1.666431462578880840e+01
1.666456258969249760e+01
1.666481039466708225e+01
1.666505804090156317e+01
1.666530552858460723e+01
1.666555285790452956e+01
1.666580002904934332e+01
1.666604704220670641e+01
1.666629389756396407e+01
1.666654059530811693e+01
1.666678713562583880e+01
1.666703351870349437e+01
1.666727974472709306e+01
1.666752581388233523e+01
1.666777172635459081e+01
1.666801748232890645e+01
1.666826308199000195e+01
1.666850852552227025e+01
1.666875381310979165e+01
1.666899894493631251e+01
1.666924392118526299e+01
1.666948874203975350e+01
1.666973340768257472e+01
1.666997791829619402e+01
1.667022227406276613e+01
1.667046647516412605e+01
1.667071052178178192e+01
1.667095441409693990e+01
1.667119815229048285e+01
1.667144173654298100e+01
1.667168516703468484e+01
1.667192844394554285e+01
1.667217156745517670e+01
1.667241453774290605e+01
1.667265735498773438e+01
1.667290001936835608e+01
1.667314253106315292e+01
1.667338489025020465e+01
1.667362709710727131e+01
1.667386915181181450e+01
1.667411105454098674e+01
1.667435280547162435e+01
1.667459440478026877e+01
1.667483585264315238e+01
1.667507714923620199e+01
1.667531829473504601e+01
1.667555928931500731e+01
1.667580013315109255e+01
1.667604082641803132e+01
1.667628136929022986e+01
1.667652176194180669e+01
1.667676200454657831e+01
1.667700209727805927e+01
1.667724204030946922e+01
1.667748183381371874e+01
1.667772147796344129e+01
1.667796097293095414e+01
1.667820031888829746e+01
1.667843951600719166e+01
1.667867856445908714e+01
1.667891746441512524e+01
1.667915621604616661e+01
1.667939481952276282e+01
1.667963327501518833e+01
1.667987158269341208e+01
1.668010974272713298e+01
1.668034775528573377e+01
1.668058562053833072e+01
1.668082333865373812e+01
1.668106090980048606e+01
1.668129833414682039e+01
1.668153561186069567e+01
1.668177274310978220e+01
1.668200972806145543e+01
1.668224656688282437e+01
1.668248325974070312e+01
1.668271980680161803e+01
1.668295620823181835e+01
1.668319246419726909e+01
1.668342857486366171e+01
1.668366454039638569e+01
1.668390036096056761e+01
1.668413603672104983e+01
1.668437156784239761e+01
1.668460695448889552e+01
1.668484219682454039e+01
1.668507729501306613e+01
1.668531224921792244e+01
1.668554705960228546e+01
1.668578172632904710e+01
1.668601624956083640e+01
1.668625062946000526e+01
1.668648486618861781e+01
1.668671895990849308e+01
1.668695291078114451e+01
1.668718671896783334e+01
1.668742038462954369e+01
1.668765390792699677e+01
1.668788728902062601e+01
1.668812052807061264e+01
1.668835362523686072e+01
1.668858658067900080e+01
1.668881939455640406e+01
1.668905206702817168e+01
1.668928459825313837e+01
1.668951698838986530e+01
1.668974923759665785e+01
1.668998134603155137e+01
1.669021331385231832e+01
1.669044514121646827e+01
1.669067682828124077e+01
1.669090837520361958e+01
1.669113978214031846e+01
1.669137104924780246e+01
1.669160217668225954e+01
1.669183316459962896e+01
1.669206401315558352e+01
1.669229472250553670e+01
1.669252529280465325e+01
1.669275572420781728e+01
1.669298601686968198e+01
1.669321617094461985e+01
1.669344618658676538e+01
1.669367606394997949e+01
1.669390580318788508e+01
1.669413540445382793e+01
1.669436486790092644e+01
1.669459419368202191e+01
1.669482338194971760e+01
1.669505243285634677e+01
1.669528134655400464e+01
1.669551012319453420e+01
1.669573876292952264e+01
1.669596726591030134e+01
1.669619563228796011e+01
1.669642386221334007e+01
1.669665195583701589e+01
1.669687991330934196e+01
1.669710773478039911e+01
1.669733542040003371e+01
1.669756297031783987e+01
1.669779038468316656e+01
1.669801766364511764e+01
1.669824480735255179e+01
1.669847181595407903e+01
1.669869868959807135e+01
1.669892542843264849e+01
1.669915203260568859e+01
1.669937850226483533e+01
1.669960483755748015e+01
1.669983103863077645e+01
1.670005710563163248e+01
1.670028303870672914e+01
1.670050883800248087e+01
1.670073450366508538e+01
1.670096003584049527e+01
1.670118543467441441e+01
1.670141070031232644e+01
1.670163583289945919e+01
1.670186083258081311e+01
1.670208569950114708e+01
1.670231043380498548e+01
1.670253503563662179e+01
1.670275950514010077e+01
1.670298384245923984e+01
1.670320804773762902e+01
1.670343212111861675e+01
1.670365606274531345e+01
1.670387987276060215e+01
1.670410355130714208e+01
1.670432709852734021e+01
1.670455051456339035e+01
1.670477379955724828e+01
1.670499695365062820e+01
1.670521997698503824e+01
1.670544286970173431e+01
1.670566563194175558e+01
1.670588826384591030e+01
1.670611076555477581e+01
1.670633313720870206e+01
1.670655537894781162e+01
1.670677749091200681e+01
1.670699947324095547e+01
1.670722132607409804e+01
1.670744304955065829e+01
1.670766464380962901e+01
1.670788610898977922e+01
1.670810744522966118e+01
1.670832865266758205e+01
1.670854973144165712e+01
1.670877068168975299e+01
1.670899150354952667e+01
1.670921219715841488e+01
1.670943276265362343e+01
1.670965320017213429e+01
1.670987350985073761e+01
1.671009369182596416e+01
1.671031374623415289e+01
1.671053367321141891e+01
1.671075347289364998e+01
1.671097314541651713e+01
1.671119269091548176e+01
1.671141210952578859e+01
1.671163140138245495e+01
1.671185056662028501e+01
1.671206960537387332e+01
1.671228851777759417e+01
1.671250730396561224e+01
1.671272596407186128e+01
1.671294449823008321e+01
1.671316290657379611e+01
1.671338118923629068e+01
1.671359934635067646e+01
1.671381737804982137e+01
1.671403528446639797e+01
1.671425306573285852e+01
1.671447072198144213e+01
1.671468825334419250e+01
1.671490565995292954e+01
1.671512294193926706e+01
1.671534009943460219e+01
1.671555713257014020e+01
1.671577404147685897e+01
1.671599082628554456e+01
1.671620748712676274e+01
1.671642402413087325e+01
1.671664043742804395e+01
1.671685672714821180e+01
1.671707289342112901e+01
1.671728893637632751e+01
1.671750485614314385e+01
1.671772065285070852e+01
1.671793632662793527e+01
1.671815187760355315e+01
1.671836730590607090e+01
1.671858261166380899e+01
1.671879779500487118e+01
1.671901285605716581e+01
1.671922779494840228e+01
1.671944261180608038e+01
1.671965730675750095e+01
1.671987187992976942e+01
1.672008633144978873e+01
1.672030066144425930e+01
1.672051487003967907e+01
1.672072895736235765e+01
1.672094292353839151e+01
1.672115676869369594e+01
1.672137049295396594e+01
1.672158409644472599e+01
1.672179757929127675e+01
1.672201094161874124e+01
1.672222418355203999e+01
1.672243730521589455e+01
1.672265030673482400e+01
1.672286318823317686e+01
1.672307594983508139e+01
1.672328859166448112e+01
1.672350111384512772e+01
1.672371351650058102e+01
1.672392579975419835e+01
1.672413796372914518e+01
1.672435000854840581e+01
1.672456193433475846e+01
1.672477374121080018e+01
1.672498542929893262e+01
1.672519699872136201e+01
1.672540844960011697e+01
1.672561978205701649e+01
1.672583099621370550e+01
1.672604209219163351e+01
1.672625307011205820e+01
1.672646393009605248e+01
1.672667467226450455e+01
1.672688529673810720e+01
1.672709580363736848e+01
1.672730619308260458e+01
1.672751646519395408e+01
1.672772662009136013e+01
1.672793665789458473e+01
1.672814657872320865e+01
1.672835638269661018e+01
1.672856606993400419e+01
1.672877564055440303e+01
1.672898509467664496e+01
1.672919443241937998e+01
1.672940365390107331e+01
1.672961275924001612e+01
1.672982174855430060e+01
1.673003062196185198e+01
1.673023937958040008e+01
1.673044802152750066e+01
1.673065654792053181e+01
1.673086495887667979e+01
1.673107325451295679e+01
1.673128143494619380e+01
1.673148950029303705e+01
1.673169745066996228e+01
1.673190528619325335e+01
1.673211300697903070e+01
1.673232061314321584e+01
1.673252810480157393e+01
1.673273548206967831e+01
1.673294274506292822e+01
1.673314989389653817e+01
1.673335692868555924e+01
1.673356384954485421e+01
1.673377065658912244e+01
1.673397734993286434e+01
1.673418392969043822e+01
1.673439039597599631e+01
1.673459674890352744e+01
1.673480298858685344e+01
1.673500911513961142e+01
1.673521512867526084e+01
1.673542102930710129e+01
1.673562681714825118e+01
1.673583249231165837e+01
1.673603805491009311e+01
1.673624350505615865e+01
1.673644884286227708e+01
1.673665406844072123e+01
1.673685918190356148e+01
1.673706418336272250e+01
1.673726907292994781e+01
1.673747385071681038e+01
1.673767851683471264e+01
1.673788307139489007e+01
1.673808751450841115e+01
1.673829184628616673e+01
1.673849606683889135e+01
1.673870017627713480e+01
1.673890417471129055e+01
1.673910806225158510e+01
1.673931183900807440e+01
1.673951550509064390e+01
1.673971906060901205e+01
1.673992250567274453e+01
1.674012584039122231e+01
1.674032906487367001e+01
1.674053217922914172e+01
1.674073518356653523e+01
1.674093807799457778e+01
1.674114086262182610e+01
1.674134353755668059e+01
1.674154610290738887e+01
1.674174855878199963e+01
1.674195090528843366e+01
1.674215314253443054e+01
1.674235527062757711e+01
1.674255728967528967e+01
1.674275919978482108e+01
1.674296100106327145e+01
1.674316269361757392e+01
1.674336427755449819e+01
1.674356575298065763e+01
1.674376712000250222e+01
1.674396837872632204e+01
1.674416952925825086e+01
1.674437057170425902e+01
1.674457150617014989e+01
1.674477233276158117e+01
1.674497305158404714e+01
1.674517366274288221e+01
1.674537416634326092e+01
1.674557456249020504e+01
1.674577485128857290e+01
1.674597503284307010e+01
1.674617510725824232e+01
1.674637507463847896e+01
1.674657493508801309e+01
1.674677468871092145e+01
1.674697433561112803e+01
1.674717387589239692e+01
1.674737330965833593e+01
1.674757263701240717e+01
1.674777185805790225e+01
1.674797097289797421e+01
1.674816998163561621e+01
1.674836888437366156e+01
1.674856768121479433e+01
1.674876637226155296e+01
1.674896495761631243e+01
1.674916343738129498e+01
1.674936181165857718e+01
1.674956008055007572e+01
1.674975824415756520e+01
1.674995630258266743e+01
1.675015425592683727e+01
1.675035210429139099e+01
1.675054984777750278e+01
1.675074748648617629e+01
1.675094502051828727e+01
1.675114244997453739e+01
1.675133977495549686e+01
1.675153699556157960e+01
1.675173411189305384e+01
1.675193112405003504e+01
1.675212803213248947e+01
1.675232483624023416e+01
1.675252153647295117e+01
1.675271813293015910e+01
1.675291462571123446e+01
1.675311101491540455e+01
1.675330730064176166e+01
1.675350348298923109e+01
1.675369956205661026e+01
1.675389553794254027e+01
1.675409141074552011e+01
1.675428718056389954e+01
1.675448284749588979e+01
1.675467841163954574e+01
1.675487387309279086e+01
1.675506923195339581e+01
1.675526448831898918e+01
1.675545964228705742e+01
1.675565469395493778e+01
1.675584964341982896e+01
1.675604449077878755e+01
1.675623923612872090e+01
1.675643387956640140e+01
1.675662842118845219e+01
1.675682286109135433e+01
1.675701719937146095e+01
1.675721143612495823e+01
1.675740557144791154e+01
1.675759960543624061e+01
1.675779353818572304e+01
1.675798736979199077e+01
1.675818110035054076e+01
1.675837472995673139e+01
1.675856825870577893e+01
1.675876168669275401e+01
1.675895501401260290e+01
1.675914824076011556e+01
1.675934136702995403e+01
1.675953439291664182e+01
1.675972731851455677e+01
1.675992014391794882e+01
1.676011286922091159e+01
1.676030549451743212e+01
1.676049801990132693e+01
1.676069044546629883e+01
1.676088277130589432e+01
1.676107499751354979e+01
1.676126712418253817e+01
1.676145915140601517e+01
1.676165107927698017e+01
1.676184290788832598e+01
1.676203463733278554e+01
1.676222626770296387e+01
1.676241779909134166e+01
1.676260923159024685e+01
1.676280056529187945e+01
1.676299180028831870e+01
1.676318293667148751e+01
1.676337397453319156e+01
1.676356491396509796e+01
1.676375575505874238e+01
1.676394649790552194e+01
1.676413714259670229e+01
1.676432768922342831e+01
1.676451813787669209e+01
1.676470848864737917e+01
1.676489874162621163e+01
1.676508889690381210e+01
1.676527895457065043e+01
1.676546891471707212e+01
1.676565877743329125e+01
1.676584854280939751e+01
1.676603821093534208e+01
1.676622778190094110e+01
1.676641725579589348e+01
1.676660663270976315e+01
1.676679591273199321e+01
1.676698509595187048e+01
1.676717418245858582e+01
1.676736317234117735e+01
1.676755206568857304e+01
1.676774086258955165e+01
1.676792956313278893e+01
1.676811816740681138e+01
1.676830667550002119e+01
1.676849508750070328e+01
1.676868340349701469e+01
1.676887162357697392e+01
1.676905974782848219e+01
1.676924777633930574e+01
1.676943570919710069e+01
1.676962354648937747e+01
1.676981128830352930e+01
1.676999893472682857e+01
1.677018648584642335e+01
1.677037394174931961e+01
1.677056130252241317e+01
1.677074856825247196e+01
1.677093573902614310e+01
1.677112281492994228e+01
1.677130979605026084e+01
1.677149668247337644e+01
1.677168347428543171e+01
1.677187017157244853e+01
1.677205677442033149e+01
1.677224328291485733e+01
1.677242969714167842e+01
1.677261601718632633e+01
1.677280224313421542e+01
1.677298837507062501e+01
1.677317441308073143e+01
1.677336035724956531e+01
1.677354620766206139e+01
1.677373196440300873e+01
1.677391762755710403e+01
1.677410319720888410e+01
1.677428867344280405e+01
1.677447405634317334e+01
1.677465934599419484e+01
1.677484454247994350e+01
1.677502964588437351e+01
1.677521465629132891e+01
1.677539957378452584e+01
1.677558439844755966e+01
1.677576913036391559e+01
1.677595376961695450e+01
1.677613831628991647e+01
1.677632277046592790e+01
1.677650713222799439e+01
1.677669140165900075e+01
1.677687557884172875e+01
1.677705966385881808e+01
1.677724365679281249e+01
1.677742755772612782e+01
1.677761136674106268e+01
1.677779508391980201e+01
1.677797870934442059e+01
1.677816224309686532e+01
1.677834568525897296e+01
1.677852903591245592e+01
1.677871229513893070e+01
1.677889546301987878e+01
1.677907853963666795e+01
1.677926152507056301e+01
1.677944441940270437e+01
1.677962722271411877e+01
1.677980993508571927e+01
1.677999255659830879e+01
1.678017508733256946e+01
1.678035752736907327e+01
1.678053987678827141e+01
1.678072213567051563e+01
1.678090430409602973e+01
1.678108638214493453e+01
1.678126836989723003e+01
1.678145026743280965e+01
1.678163207483144959e+01
1.678181379217281943e+01
1.678199541953646801e+01
1.678217695700183754e+01
1.678235840464826012e+01
1.678253976255495417e+01
1.678272103080102085e+01
1.678290220946546185e+01
1.678308329862715809e+01
1.678326429836488387e+01
1.678344520875729629e+01
1.678362602988295649e+01
1.678380676182029774e+01
1.678398740464765737e+01
1.678416795844324838e+01
1.678434842328519849e+01
1.678452879925148977e+01
1.678470908642002968e+01
1.678488928486859066e+01
1.678506939467485637e+01
1.678524941591638964e+01
1.678542934867064318e+01
1.678560919301497023e+01
1.678578894902660679e+01
1.678596861678268581e+01
1.678614819636023014e+01
1.678632768783615958e+01
1.678650709128728025e+01
1.678668640679029167e+01
1.678686563442179036e+01
1.678704477425826624e+01
1.678722382637608845e+01
1.678740279085154441e+01
1.678758166776078653e+01
1.678776045717988552e+01
1.678793915918479485e+01
1.678811777385135784e+01
1.678829630125532191e+01
1.678847474147232077e+01
1.678865309457788868e+01
1.678883136064745329e+01
1.678900953975632859e+01
1.678918763197973973e+01
1.678936563739279464e+01
1.678954355607049465e+01
1.678972138808775227e+01
1.678989913351936281e+01
1.679007679244001849e+01
1.679025436492431211e+01
1.679043185104672986e+01
1.679060925088165135e+01
1.679078656450336382e+01
1.679096379198603728e+01
1.679114093340375646e+01
1.679131798883047821e+01
1.679149495834008476e+01
1.679167184200633400e+01
1.679184863990288790e+01
1.679202535210331604e+01
1.679220197868107434e+01
1.679237851970951567e+01
1.679255497526190766e+01
1.679273134541139711e+01
1.679290763023103850e+01
1.679308382979378322e+01
1.679325994417248680e+01
1.679343597343989813e+01
1.679361191766866668e+01
1.679378777693134239e+01
1.679396355130037222e+01
1.679413924084811072e+01
1.679431484564680588e+01
1.679449036576860621e+01
1.679466580128555719e+01
1.679484115226961904e+01
1.679501641879263474e+01
1.679519160092636199e+01
1.679536669874245192e+01
1.679554171231245618e+01
1.679571664170783407e+01
1.679589148699994183e+01
1.679606624826003980e+01
1.679624092555928527e+01
1.679641551896874319e+01
1.679659002855938255e+01
1.679676445440206223e+01
1.679693879656755939e+01
1.679711305512654462e+01
1.679728723014958902e+01
1.679746132170717843e+01
1.679763532986969565e+01
1.679780925470741337e+01
1.679798309629052966e+01
1.679815685468913600e+01
1.679833052997322440e+01
1.679850412221269806e+01
1.679867763147735360e+01
1.679885105783690946e+01
1.679902440136097397e+01
1.679919766211905952e+01
1.679937084018059323e+01
1.679954393561489923e+01
1.679971694849120922e+01
1.679988987887866259e+01
1.680006272684629920e+01
1.680023549246306658e+01
1.680040817579781631e+01
1.680058077691931118e+01
1.680075329589621802e+01
1.680092573279709711e+01
1.680109808769043767e+01
1.680127036064461876e+01
1.680144255172793422e+01
1.680161466100857481e+01
1.680178668855464963e+01
1.680195863443417181e+01
1.680213049871505149e+01
1.680230228146511706e+01
1.680247398275210813e+01
1.680264560264365770e+01
1.680281714120732062e+01
1.680298859851054516e+01
1.680315997462070143e+01
1.680333126960506362e+01
1.680350248353080644e+01
1.680367361646502644e+01
1.680384466847471714e+01
1.680401563962679035e+01
1.680418652998806195e+01
1.680435733962524836e+01
1.680452806860499138e+01
1.680469871699383333e+01
1.680486928485823128e+01
1.680503977226453927e+01
1.680521017927904381e+01
1.680538050596791422e+01
1.680555075239725227e+01
1.680572091863305673e+01
1.680589100474124464e+01
1.680606101078763714e+01
1.680623093683797364e+01
1.680640078295790119e+01
1.680657054921296734e+01
1.680674023566865216e+01
1.680690984239032204e+01
1.680707936944328296e+01
1.680724881689272721e+01
1.680741818480376892e+01
1.680758747324144053e+01
1.680775668227067143e+01
1.680792581195632351e+01
1.680809486236314854e+01
1.680826383355582720e+01
1.680843272559894430e+01
1.680860153855700290e+01
1.680877027249441369e+01
1.680893892747550211e+01
1.680910750356450478e+01
1.680927600082558371e+01
1.680944441932279787e+01
1.680961275912012809e+01
1.680978102028146282e+01
1.680994920287061234e+01
1.681011730695129813e+01
1.681028533258715996e+01
1.681045327984174165e+01
1.681062114877850178e+01
1.681078893946083141e+01
1.681095665195200795e+01
1.681112428631524836e+01
1.681129184261367726e+01
1.681145932091032691e+01
1.681162672126814783e+01
1.681179404375001241e+01
1.681196128841870419e+01
1.681212845533692146e+01
1.681229554456727371e+01
1.681246255617229934e+01
1.681262949021444086e+01
1.681279634675605905e+01
1.681296312585943298e+01
1.681312982758676711e+01
1.681329645200016287e+01
1.681346299916165066e+01
1.681362946913317913e+01
1.681379586197660814e+01
1.681396217775371937e+01
1.681412841652620571e+01
1.681429457835568186e+01
1.681446066330367728e+01
1.681462667143164325e+01
1.681479260280094934e+01
1.681495845747287277e+01
1.681512423550861968e+01
1.681528993696931451e+01
1.681545556191598578e+01
1.681562111040959451e+01
1.681578658251102354e+01
1.681595197828105626e+01
1.681611729778041564e+01
1.681628254106972520e+01
1.681644770820953738e+01
1.681661279926031938e+01
1.681677781428246021e+01
1.681694275333628141e+01
1.681710761648199437e+01
1.681727240377975363e+01
1.681743711528962848e+01
1.681760175107159938e+01
1.681776631118557930e+01
1.681793079569139593e+01
1.681809520464878815e+01
1.681825953811743446e+01
1.681842379615691385e+01
1.681858797882674494e+01
1.681875208618634687e+01
1.681891611829508548e+01
1.681908007521221293e+01
1.681924395699694230e+01
1.681940776370836943e+01
1.681957149540554397e+01
1.681973515214740900e+01
1.681989873399285784e+01
1.682006224100068437e+01
1.682022567322960782e+01
1.682038903073827285e+01
1.682055231358525305e+01
1.682071552182902252e+01
1.682087865552801276e+01
1.682104171474053800e+01
1.682120469952486275e+01
1.682136760993916269e+01
1.682153044604154601e+01
1.682169320789002853e+01
1.682185589554255856e+01
1.682201850905701690e+01
1.682218104849118490e+01
1.682234351390278704e+01
1.682250590534946255e+01
1.682266822288877961e+01
1.682283046657821757e+01
1.682299263647519894e+01
1.682315473263705741e+01
1.682331675512104496e+01
1.682347870398436029e+01
1.682364057928410261e+01
1.682380238107731074e+01
1.682396410942093823e+01
1.682412576437187823e+01
1.682428734598692088e+01
1.682444885432281367e+01
1.682461028943621173e+01
1.682477165138369912e+01
1.682493294022177821e+01
1.682509415600688740e+01
1.682525529879538695e+01
1.682541636864355894e+01
1.682557736560762152e+01
1.682573828974369690e+01
1.682589914110786466e+01
1.682605991975610138e+01
1.682622062574432675e+01
1.682638125912838589e+01
1.682654181996404219e+01
1.682670230830698443e+01
1.682686272421284457e+01
