9.374574277525311583e-01 3.166885500932159516e+02
9.945207523145965789e-01 3.140892853735310268e+02
9.980577570636471885e-01 3.146457553404548548e+02
9.932302778336681293e-01 3.155677632673986750e+02
9.889791873306330583e-01 3.163696164551041079e+02
9.865049093227962196e-01 3.170190887863361127e+02
9.850914947453670578e-01 3.175627625798180702e+02
9.812213464036572130e-01 3.181715779568355629e+02
9.794064160261556351e-01 3.186122978945072646e+02
9.769302245036853849e-01 3.190513461108344018e+02
9.733852730960569355e-01 3.195219449636761055e+02
9.684424980301659103e-01 3.200196332713673542e+02
9.664883958682530807e-01 3.203312803704523617e+02
9.642251258561912453e-01 3.206365396046186333e+02
9.601430061342307587e-01 3.210042967259361717e+02
9.578557787339851970e-01 3.212719299081615532e+02
9.571006110961935986e-01 3.214326822353152124e+02
9.547412017114094152e-01 3.216687460431422210e+02
9.505376109203003132e-01 3.219653922744197985e+02
9.464072572189897725e-01 3.222381528641913064e+02
9.407138417517200146e-01 3.226023401695993016e+02
9.381692327691554256e-01 3.227945152539604123e+02
9.341215193481543499e-01 3.230355931412630071e+02
9.357401185529664600e-01 3.229742809014934437e+02
9.339702995672254371e-01 3.230768100375285030e+02
9.325405939355080331e-01 3.231749624149072702e+02
9.326216773052351527e-01 3.231985093491375096e+02
9.312946534100525753e-01 3.232559351717322897e+02
9.262613945678991323e-01 3.235215196057047820e+02
9.242486580746148706e-01 3.236127214548056941e+02
9.193456204468306581e-01 3.238703488891545135e+02
9.161408522127263421e-01 3.240351833444789236e+02
9.197370753457451142e-01 3.238248977657318619e+02
9.187288791399268462e-01 3.238512982638735025e+02
9.186791575279664723e-01 3.238359699880231801e+02
9.150205783621551126e-01 3.239963903006316741e+02
9.102270117336631605e-01 3.242217439530081720e+02
9.074004015029361048e-01 3.243572011285601207e+02
9.046497266671978954e-01 3.244562440046691449e+02
9.045067771435010284e-01 3.244444606272600709e+02
9.048588455658073126e-01 3.243752700174298980e+02
9.029139188724267795e-01 3.244374711500174726e+02
8.998388216674434448e-01 3.245686703734665457e+02
8.998017838188010487e-01 3.245246798383130908e+02
8.960227447472118856e-01 3.247009976323014371e+02
8.988071685934077015e-01 3.245157683044404280e+02
9.002909363314638425e-01 3.244059786096491393e+02
8.957638883219477544e-01 3.245917482034805630e+02
8.953320249254246299e-01 3.245832417472669817e+02
8.947164741756065132e-01 3.245906100456472245e+02
8.893595818635956496e-01 3.248370603459508175e+02
8.889679972322773738e-01 3.248222777429010080e+02
8.910720585152962503e-01 3.246558771324423560e+02
8.875168267584629955e-01 3.248224140299719807e+02
8.867604935607805716e-01 3.248289282283359398e+02
8.900179270374501961e-01 3.246163240158313101e+02
8.884966830710220309e-01 3.246709775213262787e+02
8.884269657936777476e-01 3.246395648429725043e+02
8.868980000560664489e-01 3.246886311167440340e+02
8.863801159115466399e-01 3.246916584794714140e+02
8.851344166480993314e-01 3.247361114305381875e+02
8.869409609953680107e-01 3.246178595937687987e+02
8.853200163916621346e-01 3.246675357266283868e+02
8.813007227444217273e-01 3.248366961865642111e+02
8.804235030427218778e-01 3.248675779882971142e+02
8.829159648002762317e-01 3.247283997677242837e+02
8.797396877645727864e-01 3.248633137016007026e+02
8.816339918998171710e-01 3.247209635647278674e+02
8.816808590181964833e-01 3.246816530833604020e+02
8.800808753709888910e-01 3.247700255187519929e+02
8.774259307915172057e-01 3.248936369582035013e+02
8.823982256041498218e-01 3.245975196817753385e+02
8.831192093072698368e-01 3.245457366079201620e+02
8.846429540133272651e-01 3.244526886888090189e+02
8.847426443961254883e-01 3.244507596266642508e+02
8.856559022056272878e-01 3.243799960524158337e+02
8.820695276377258365e-01 3.245560833512211047e+02
8.816000216962991409e-01 3.245741791739368409e+02
8.795153961470171255e-01 3.246754011617539959e+02
8.773999999999999577e-01 3.247718770530676693e+02
8.793925485457586566e-01 3.246530041828745539e+02
8.788109333588693950e-01 3.246588990494878999e+02
8.776096572636002957e-01 3.247163310451871325e+02
8.792426536186024322e-01 3.246176725827149880e+02
8.791985288627109929e-01 3.246035054824906183e+02
8.773999999999999577e-01 3.246815937275950432e+02
8.795813668490943815e-01 3.245602160150613713e+02
8.773999999999999577e-01 3.246591812472990455e+02
8.773999999999999577e-01 3.246493895162282683e+02
8.784650115848580132e-01 3.245895020235965944e+02
8.773999999999999577e-01 3.246243774402306030e+02
8.784727356388467578e-01 3.245814898629062100e+02
8.796795574769076254e-01 3.244943644908528313e+02
8.775381953108691846e-01 3.246004291540675126e+02
8.773999999999999577e-01 3.245983636064696611e+02
8.788678392883619850e-01 3.245187375469043900e+02
8.775488192838539758e-01 3.245953949281882842e+02
8.793927647696674343e-01 3.244843138185645444e+02
8.792859730033318888e-01 3.244797314621053488e+02
8.802565669821889038e-01 3.244346111822300145e+02
8.783391912232937360e-01 3.245355961762609809e+02
8.773999999999999577e-01 3.245715490272186230e+02
8.779246081956958436e-01 3.245459913599687525e+02
8.773999999999999577e-01 3.245572072440791089e+02
8.773999999999999577e-01 3.245372845226892764e+02
8.773999999999999577e-01 3.245307917704257079e+02
8.773999999999999577e-01 3.245268958926445180e+02
8.775054316357840944e-01 3.245267699748094969e+02
8.784021276991245131e-01 3.244786736018429565e+02
8.773999999999999577e-01 3.245146615103312797e+02
8.781069359073538916e-01 3.244866701405185268e+02
8.773999999999999577e-01 3.245141680204132513e+02
8.773999999999999577e-01 3.244989307161872603e+02
8.775248544346344604e-01 3.245020959521494888e+02
8.807694302169081224e-01 3.243452282651458063e+02
8.785902513478414111e-01 3.244627244236469892e+02
8.809220445109723352e-01 3.243294653474043798e+02
8.800136395405334655e-01 3.243718832493847799e+02
8.773999999999999577e-01 3.245152108359400245e+02
8.775680585703590220e-01 3.245209373327488152e+02
8.774708602241968469e-01 3.245164926990400431e+02
8.788183197720081941e-01 3.244538129628265324e+02
8.773999999999999577e-01 3.245060719615140670e+02
8.773999999999999577e-01 3.244954303739767738e+02
8.775731174859532358e-01 3.245021319555021933e+02
8.775670544934105477e-01 3.245001565596656974e+02
8.773999999999999577e-01 3.244932742059878592e+02
8.773999999999999577e-01 3.244833320677342385e+02
8.773999999999999577e-01 3.244819123691046343e+02
8.775360224574476620e-01 3.244848107305174381e+02
8.773999999999999577e-01 3.244811682963204476e+02
8.776187216960181781e-01 3.244736295600811786e+02
8.782573360603402879e-01 3.244440968309954769e+02
8.775282390172556291e-01 3.244829901656016773e+02
8.774581858715631011e-01 3.244844088350219522e+02
8.790582604782432030e-01 3.244045408876513648e+02
8.774335295524933187e-01 3.244899791763673988e+02
8.773999999999999577e-01 3.244797352021965935e+02
8.777232095246055854e-01 3.244778792780026606e+02
8.774839881920541984e-01 3.244845445369018080e+02
8.776295565617147076e-01 3.244860005586772331e+02
8.781291022493300513e-01 3.244523920458797193e+02
8.782581019455197868e-01 3.244442172513047922e+02
8.775648632973686025e-01 3.244938619569356888e+02
8.786256344809503238e-01 3.244342254012860849e+02
8.775483276786837372e-01 3.244953390674234015e+02
8.779799808135286820e-01 3.244673903993710269e+02
8.773999999999999577e-01 3.244952627424660818e+02
8.774581789962491163e-01 3.244966969485934669e+02
8.773999999999999577e-01 3.244785086661793798e+02
8.774306868224023281e-01 3.244782995307401166e+02
8.773999999999999577e-01 3.244670672652271151e+02
8.773999999999999577e-01 3.244469312295892678e+02
8.773999999999999577e-01 3.244444057387404428e+02
8.776891355723077659e-01 3.244480886839895106e+02
8.774975656475706431e-01 3.244490209872519699e+02
8.788574481812836403e-01 3.243913840997429361e+02
8.795255169927115313e-01 3.243483538981861898e+02
8.776452777105011593e-01 3.244524220148685458e+02
8.773999999999999577e-01 3.244633498117286763e+02
8.788797616931391943e-01 3.243998645109762720e+02
8.776830092222274171e-01 3.244714174176824031e+02
8.788954595278134496e-01 3.244028721513686264e+02
8.798552886246707727e-01 3.243556027587300150e+02
8.785648316279119907e-01 3.244230886646127487e+02
8.775146351917714194e-01 3.244921447242049908e+02
8.773999999999999577e-01 3.244838064876490762e+02
8.776805342060770565e-01 3.244835036164200801e+02
8.778087310993158976e-01 3.244811599013994510e+02
8.795125103731513683e-01 3.243907337077962438e+02
8.805522413607471677e-01 3.243471927086932851e+02
8.805195914640288057e-01 3.243369192027531653e+02
8.773999999999999577e-01 3.245040102834491336e+02
8.774121466673548975e-01 3.245027934837912085e+02
8.773999999999999577e-01 3.244920588067466269e+02
8.773999999999999577e-01 3.244826649585145333e+02
8.774124975024549800e-01 3.244802515582646265e+02
8.773999999999999577e-01 3.244596507953925197e+02
8.775289873016689501e-01 3.244642535985407790e+02
8.776285941859609530e-01 3.244648378838650729e+02
8.776918643678685017e-01 3.244653552053495105e+02
8.775049645113957020e-01 3.244652927356957548e+02
8.788364921974463062e-01 3.243961795889670725e+02
8.779791544746977650e-01 3.244610969350203504e+02
8.787944740321328441e-01 3.244213711792013441e+02
8.794844419506382405e-01 3.243852840301914853e+02
8.798355521037498628e-01 3.243608669519801992e+02
8.806065823859794417e-01 3.243410934195040340e+02
8.788088681301399196e-01 3.244380520180044982e+02
8.813046466335736628e-01 3.243186422657056482e+02
8.821345162131000173e-01 3.242783530660759084e+02
8.816028906584486569e-01 3.243051764985931413e+02
8.782238581148628098e-01 3.244900216928951409e+02
8.779386819998883373e-01 3.244961377921422354e+02
8.773999999999999577e-01 3.245071117026573688e+02
8.773999999999999577e-01 3.244983452405628555e+02
8.773999999999999577e-01 3.244880091268672118e+02
8.773999999999999577e-01 3.244800799679442207e+02
8.775872702380486112e-01 3.244844119742873545e+02
8.773999999999999577e-01 3.244803584361771414e+02
8.775535236298191988e-01 3.244810660345427209e+02
8.774764763495447317e-01 3.244784245751343974e+02
8.773999999999999577e-01 3.244733850736245699e+02
8.774995153437615825e-01 3.244773710456891536e+02
8.773999999999999577e-01 3.244649232194259980e+02
8.774141663490856446e-01 3.244653491817149416e+02
8.773999999999999577e-01 3.244612537397852066e+02
8.774578788560634113e-01 3.244625131155227677e+02
8.773999999999999577e-01 3.244619819484423147e+02
8.773999999999999577e-01 3.244556063722950512e+02
8.776235750363727828e-01 3.244623986259190929e+02
8.781417442784954508e-01 3.244351852048114893e+02
8.773999999999999577e-01 3.244517786615045907e+02
8.773999999999999577e-01 3.244382162898396587e+02
8.773999999999999577e-01 3.244244500280703392e+02
8.776163705927318981e-01 3.244345987322454334e+02
8.776323443445707140e-01 3.244349752635584423e+02
8.801655767200816660e-01 3.243130586731030576e+02
8.813824622316397406e-01 3.242516128994656697e+02
8.806866228563392518e-01 3.242858663993098389e+02
8.774946835069464823e-01 3.244665537504490658e+02
8.773999999999999577e-01 3.244568957930961801e+02
8.776632232935828171e-01 3.244687322339367483e+02
8.777317107882798286e-01 3.244696253191655160e+02
8.810702424853701364e-01 3.243007425418318235e+02
8.807832168446488863e-01 3.243102178750980329e+02
8.814616696025536768e-01 3.242754099435380226e+02
8.777976251763565108e-01 3.244851440408161807e+02
8.773999999999999577e-01 3.244792699662954760e+02
8.773999999999999577e-01 3.244583788951865131e+02
8.774010217376198018e-01 3.244563960192029981e+02
8.774341698681219492e-01 3.244572919797995496e+02
8.773999999999999577e-01 3.244502158883878451e+02
8.776579364003217476e-01 3.244500456767127616e+02
8.781605344778716793e-01 3.244213783850532877e+02
8.788238510698648254e-01 3.244001842304743377e+02
8.785716922198948398e-01 3.244121555515491195e+02
8.789270241363568159e-01 3.243901697423540327e+02
8.779121948780695961e-01 3.244597354558065945e+02
8.782189893623234545e-01 3.244419079826778898e+02
8.773999999999999577e-01 3.244656125074748161e+02
8.775664261416801226e-01 3.244710620981500711e+02
8.785313901998235142e-01 3.244347601045975580e+02
8.799139281817220937e-01 3.243748527547811591e+02
8.802899124602185932e-01 3.243441511088026914e+02
8.815378247239995524e-01 3.242704648825406366e+02
8.773999999999999577e-01 3.244929804874128081e+02
8.774681919884752546e-01 3.244952737981484461e+02
8.773999999999999577e-01 3.244927337559159923e+02
8.774963784536951028e-01 3.244911950853628468e+02
8.775668803450206168e-01 3.244903901278005947e+02
8.773999999999999577e-01 3.244687488807365412e+02
8.773999999999999577e-01 3.244593020576646722e+02
8.773999999999999577e-01 3.244564574110510762e+02
8.774340604525071585e-01 3.244575405214620787e+02
8.776296105131727865e-01 3.244583701012200549e+02
8.774330711540767602e-01 3.244490576124639460e+02
8.774352182977953607e-01 3.244525319408523387e+02
8.785603518128778378e-01 3.244140186709504974e+02
8.776479437834834307e-01 3.244594837076102181e+02
8.777026912426737493e-01 3.244610937348007837e+02
8.790927909630159576e-01 3.243770374880563168e+02
8.773999999999999577e-01 3.244591887209280685e+02
8.774711257813873067e-01 3.244626228635738698e+02
8.773999999999999577e-01 3.244538694939903962e+02
8.783007995215271757e-01 3.244428346872097109e+02
8.797969950414021856e-01 3.243591399216095397e+02
8.800954166167310744e-01 3.243331181421448832e+02
8.779226006646311253e-01 3.244513808536814850e+02
8.787375342002494705e-01 3.244118936231682824e+02
8.775700393521441711e-01 3.244876333207221251e+02
8.774387488084727238e-01 3.244843320304176473e+02
8.774007501311014146e-01 3.244807123188869014e+02
8.783871919245865856e-01 3.244407182167184942e+02
8.790985121883848619e-01 3.244170113175870824e+02
8.794796052564104460e-01 3.243970743767352474e+02
8.831494095536037703e-01 3.242085803259096792e+02
8.826241801917554808e-01 3.242391405084173925e+02
8.815307358563364559e-01 3.243136533777928321e+02
8.812996794187697436e-01 3.243337068535885237e+02
8.809369863266803824e-01 3.243520053466099853e+02
8.784723714018787266e-01 3.244900121102908201e+02
8.775032028753682045e-01 3.245307529788788088e+02
8.774139304524467553e-01 3.245355240878068912e+02
8.775553525605713778e-01 3.245349762633853175e+02
8.783082014515923852e-01 3.244955798027988294e+02
8.774689651600572349e-01 3.245284090776650601e+02
8.784304609820428045e-01 3.244727478870853474e+02
8.787711868560932338e-01 3.244656188962599686e+02
8.775161884726170314e-01 3.245301822039809849e+02
8.774335893135873921e-01 3.245273556780603599e+02
8.797471469100086594e-01 3.244068050319448275e+02
8.780946125300764793e-01 3.244957360207791339e+02
8.788883135429274018e-01 3.244650705330652727e+02
8.789441538633558926e-01 3.244482452297717714e+02
8.798218770406546207e-01 3.244074493778271062e+02
8.774001314577232202e-01 3.245354055175915278e+02
8.773999999999999577e-01 3.245250166494744803e+02
8.773999999999999577e-01 3.245070243515607444e+02
8.775272405785482510e-01 3.245093937551783938e+02
8.775727812375251347e-01 3.245094837270364678e+02
8.773999999999999577e-01 3.245051262177938156e+02
8.773999999999999577e-01 3.244877294001093446e+02
8.775021189837870494e-01 3.244900668819522593e+02
8.773999999999999577e-01 3.244868290459867808e+02
8.774310862244445453e-01 3.244859840557342068e+02
8.790143811136368335e-01 3.244156604757354785e+02
8.800479364111195579e-01 3.243580311354297692e+02
8.810248522732022636e-01 3.243235125785074615e+02
8.818574694007138559e-01 3.242717986475897192e+02
8.822112772566741423e-01 3.242687251544732021e+02
8.809598730984036230e-01 3.243475472112489228e+02
8.808257686353875293e-01 3.243517703484055232e+02
8.783434898832874760e-01 3.244887565434046337e+02
8.788601525635117984e-01 3.244575379522879643e+02
8.788863921108180932e-01 3.244742671448130409e+02
8.800991763737875395e-01 3.244112859897676344e+02
8.791843657315094873e-01 3.244467683288507942e+02
8.783990448582513766e-01 3.244828251557783574e+02
8.773999999999999577e-01 3.245242006611761099e+02
8.774690051307331151e-01 3.245259456217698357e+02
8.774462400489964065e-01 3.245230005285657171e+02
8.777595538246346640e-01 3.245092229094336176e+02
8.782866488554459394e-01 3.244787079433727968e+02
8.773999999999999577e-01 3.245053195964137558e+02
8.775107878133905359e-01 3.245090182508059797e+02
8.774547141346583645e-01 3.245067434875876984e+02
8.775217306460373345e-01 3.245063430321381475e+02
8.773999999999999577e-01 3.245028855223894766e+02
8.785536008328738156e-01 3.244421876945804115e+02
8.775689483604002250e-01 3.245050876527173500e+02
8.784838068170733871e-01 3.244544331597855944e+02
8.773999999999999577e-01 3.244898940139406704e+02
8.773999999999999577e-01 3.244750190920742057e+02
8.773999999999999577e-01 3.244688817586130654e+02
8.777706012594764795e-01 3.244769855451417016e+02
8.778881321682244776e-01 3.244767065629554850e+02
8.811690814288543061e-01 3.242919931369779079e+02
8.824597678851041627e-01 3.242302505996719333e+02
8.825601037619746903e-01 3.242362140855848338e+02
8.794926691790329043e-01 3.244150613941263259e+02
8.795228793156248948e-01 3.244073945393257645e+02
8.787440885675629199e-01 3.244508463411078196e+02
8.778778829656889160e-01 3.245047839912843983e+02
8.795154951856385406e-01 3.244300855708027029e+02
8.800703813971171297e-01 3.243967478741668060e+02
8.809369400330295807e-01 3.243493661164906143e+02
8.800140156375263478e-01 3.243978909070804093e+02
8.798647873038839551e-01 3.244154921931574336e+02
8.806811419864928325e-01 3.243906494444328246e+02
8.827103769910471520e-01 3.242825618194359549e+02
8.819073051865133905e-01 3.243223062233843734e+02
8.782168517821721254e-01 3.244994545315041705e+02
8.774748357712611746e-01 3.245479482223365153e+02
8.774691990224527949e-01 3.245464899766195686e+02
8.774018796526067421e-01 3.245425838058873182e+02
8.773999999999999577e-01 3.245242786969714643e+02
8.773999999999999577e-01 3.245170961947354726e+02
8.774107300421395417e-01 3.245167299502003857e+02
8.774583333649630390e-01 3.245149647398580441e+02
8.773999999999999577e-01 3.245102493892993039e+02
8.774215959804209097e-01 3.245052578278510964e+02
8.773999999999999577e-01 3.244952263628517244e+02
8.775847741129028101e-01 3.245015672786927325e+02
8.781851056366488661e-01 3.244747049017219069e+02
8.778164051007517621e-01 3.244819724771612641e+02
8.774439553388149182e-01 3.244987313677277143e+02
8.782228937516723954e-01 3.244597371873720704e+02
8.773999999999999577e-01 3.245010420382466805e+02
8.776341413733703689e-01 3.245014924199759889e+02
8.773999999999999577e-01 3.244886649106595087e+02
8.775037386432458231e-01 3.244918714339900134e+02
8.773999999999999577e-01 3.244722495935428697e+02
8.773999999999999577e-01 3.244627637567076022e+02
8.773999999999999577e-01 3.244500570458858419e+02
8.776536821797651378e-01 3.244580750336024835e+02
8.776903728538965055e-01 3.244601683553480029e+02
8.803228112746465106e-01 3.243214762329569680e+02
8.810542560943505075e-01 3.242878432965167121e+02
8.842998938607634640e-01 3.241333399294696846e+02
8.804308544208623299e-01 3.243471252804767460e+02
8.826130727817923516e-01 3.242395132246433604e+02
8.832242689267527647e-01 3.242245022676231656e+02
8.850578987800202801e-01 3.241459423053943283e+02
8.838202897854222639e-01 3.242255695472710499e+02
8.850824846163369841e-01 3.241493405273943154e+02
8.805724566394268482e-01 3.243941224534043499e+02
8.773999999999999577e-01 3.245649492038631934e+02
8.773999999999999577e-01 3.245450972190057541e+02
8.776434031968322058e-01 3.245521186859036220e+02
8.774612317777028547e-01 3.245462740290419674e+02
8.773999999999999577e-01 3.245402209458284801e+02
8.773999999999999577e-01 3.245294638208222864e+02
8.774360945568967507e-01 3.245281805537878768e+02
8.775653361572283151e-01 3.245295921232481078e+02
8.783912018536957911e-01 3.244792095645037193e+02
8.779003598632532102e-01 3.244985859141974061e+02
8.778616836403266843e-01 3.244971447974147623e+02
8.773999999999999577e-01 3.245107436074613929e+02
8.775189877686013773e-01 3.245141367541882005e+02
