1.000000000000000000e+00 3.129428599999999960e+02
9.971243021072003776e-01 3.139379573442302558e+02
9.946715168174962152e-01 3.148341709082217790e+02
9.913365104963713925e-01 3.156439543524411988e+02
9.886126879620671382e-01 3.163781199084127707e+02
9.861771439145353702e-01 3.170460209136165304e+02
9.834893470618535360e-01 3.176550845621791836e+02
9.804439173739648572e-01 3.182122626960047000e+02
9.772889902942754059e-01 3.187226996380655351e+02
9.745648349146340816e-01 3.191913871014608048e+02
9.716147602035815067e-01 3.196228350132153651e+02
9.685687775254800957e-01 3.200208195576644243e+02
9.656842046403878443e-01 3.203878578212541015e+02
9.629188698448458705e-01 3.207270082468382952e+02
9.599368415634669249e-01 3.210416843183734272e+02
9.573081106646564864e-01 3.213330225357402696e+02
9.543583086262730220e-01 3.216031407309818064e+02
9.513743636121719804e-01 3.218533668620922867e+02
9.481823007124282610e-01 3.220854214673486240e+02
9.450669934136792794e-01 3.223006103446215889e+02
9.423822329401596587e-01 3.224999579857256435e+02
9.399506366069669827e-01 3.226858514423920496e+02
9.373127749705462142e-01 3.228582006715376451e+02
9.352496751649385098e-01 3.230185427927446540e+02
9.325659183371838301e-01 3.231675252172001933e+02
9.303366420239501666e-01 3.233052981456164048e+02
9.280590133031626499e-01 3.234337814455809621e+02
9.257242851294872343e-01 3.235519947288098024e+02
9.236157280465265851e-01 3.236622378267895783e+02
9.215828899252429540e-01 3.237643426918805289e+02
9.196648939889173757e-01 3.238585372994072031e+02
9.179266027859195320e-01 3.239458261070006984e+02
9.163914817834472037e-01 3.240271413565908460e+02
9.144201476225756187e-01 3.241022038207935907e+02
9.125317702037878398e-01 3.241708002344939246e+02
9.105079149332524491e-01 3.242331820717177493e+02
9.088968673994913816e-01 3.242907865682707893e+02
9.071856582520824164e-01 3.243437082834178682e+02
9.059182780948022984e-01 3.243919087754838415e+02
9.044385931092915332e-01 3.244357331385728571e+02
9.028749904360072742e-01 3.244756999210337085e+02
9.015784982138512760e-01 3.245114767857371589e+02
9.002256402585990802e-01 3.245439547827832030e+02
8.990997484111586946e-01 3.245730444541171664e+02
8.980798902967876973e-01 3.245993940793254637e+02
8.971511102357033751e-01 3.246232357193539428e+02
8.960270808361655570e-01 3.246447435227693177e+02
8.944197617298530467e-01 3.246629078075283701e+02
8.941899699513672362e-01 3.246788460466084416e+02
8.930285993813146250e-01 3.246930597905455897e+02
8.919124578087129773e-01 3.247047249215822262e+02
8.906138558900317248e-01 3.247151064247108820e+02
8.899281427256394705e-01 3.247231912975809678e+02
8.893034634380000414e-01 3.247296867204360069e+02
8.889791927099058855e-01 3.247357082638553152e+02
8.884317232698911715e-01 3.247403385692534812e+02
8.877781764468579695e-01 3.247438619550985095e+02
8.869543808813696861e-01 3.247469190317689254e+02
8.860005169851601359e-01 3.247481415960676827e+02
8.851340442688798715e-01 3.247478502072443121e+02
8.849977846948687832e-01 3.247469659395423491e+02
8.846260114475188452e-01 3.247455533096392628e+02
8.838248437742822761e-01 3.247435885246440535e+02
8.832709841953974017e-01 3.247407741972126587e+02
8.829843083942395809e-01 3.247367766153226967e+02
8.824597424763730436e-01 3.247324050867887877e+02
8.820833412586390754e-01 3.247281543755758548e+02
8.814568775631090869e-01 3.247228033948397865e+02
8.810597677092723012e-01 3.247172382202963945e+02
8.810413636630012313e-01 3.247116970490624226e+02
8.807795382526661943e-01 3.247062008881196675e+02
8.810173531286978887e-01 3.247008787328206267e+02
8.807768169210590248e-01 3.246956323904495889e+02
8.808894952590829996e-01 3.246908404505993531e+02
8.805568566135818509e-01 3.246859307995377435e+02
8.806435250231127165e-01 3.246811082529981718e+02
8.800919995934353146e-01 3.246762660799534501e+02
8.798985108291682566e-01 3.246712889777369924e+02
8.794782057336595349e-01 3.246661040021637064e+02
8.792464043304291099e-01 3.246605277395432267e+02
8.791845519818867194e-01 3.246547408634231147e+02
8.791608132700878819e-01 3.246494876403933176e+02
8.789431151600777259e-01 3.246439944618591085e+02
8.787771288555207283e-01 3.246389809531960964e+02
8.786661793956711541e-01 3.246337359761548100e+02
8.781228822800001277e-01 3.246280076041205689e+02
8.777691556988237442e-01 3.246221206608344119e+02
8.778019992935797156e-01 3.246160524762350406e+02
8.780856915947941044e-01 3.246106810064060255e+02
8.782398170810589155e-01 3.246055159538660178e+02
8.780775827362342634e-01 3.246006398039303349e+02
8.783164870512042421e-01 3.245963056756177707e+02
8.780356155238521199e-01 3.245920751879297654e+02
8.778002765459835821e-01 3.245877213651862121e+02
8.779048855416917707e-01 3.245837084748304733e+02
8.781175546298249923e-01 3.245802365544531085e+02
8.776532476498459800e-01 3.245760125682013495e+02
8.774314423117108852e-01 3.245715534114097522e+02
8.776899328891630825e-01 3.245676013369451880e+02
8.780409959786766860e-01 3.245643605791287882e+02
8.778510524149393257e-01 3.245612170384287083e+02
8.777802641677474593e-01 3.245578333444455552e+02
8.777807266546554521e-01 3.245551043572625076e+02
8.772202131776208889e-01 3.245519792421630996e+02
8.771513441283871337e-01 3.245485429603613170e+02
8.773094769802798343e-01 3.245451383009371966e+02
8.773753805690582830e-01 3.245420262658434467e+02
8.774738490056219753e-01 3.245393300516227555e+02
8.773760317783972917e-01 3.245367781883596763e+02
8.769764290790450501e-01 3.245338140502776128e+02
8.773438322109686771e-01 3.245312088807938267e+02
8.769830273654801722e-01 3.245287210568995420e+02
8.768269225740769057e-01 3.245257237085846214e+02
8.770913188623238321e-01 3.245236214407570969e+02
8.775317408841116773e-01 3.245217144258949133e+02
8.773946908865581928e-01 3.245198669355413017e+02
8.772660588581431274e-01 3.245181104421486111e+02
8.774059316182841739e-01 3.245160178568462470e+02
8.774259186036018621e-01 3.245147923382723434e+02
8.775841667717975136e-01 3.245132281972774990e+02
8.773433205016473169e-01 3.245120712423078544e+02
8.774302913011481353e-01 3.245108419626885734e+02
8.772884945949874780e-01 3.245100041589420243e+02
8.770118008577407753e-01 3.245080799856432918e+02
8.770556482617398730e-01 3.245066265762434909e+02
8.769442532102186272e-01 3.245050622858100837e+02
8.769545363119083392e-01 3.245030273325687631e+02
8.769201430115264317e-01 3.245012803175519025e+02
8.772032738939378183e-01 3.244999619693002728e+02
8.771924615911540490e-01 3.244986315635677556e+02
8.771765149824095609e-01 3.244975992720897011e+02
8.773372631122969834e-01 3.244964237812006900e+02
8.772494425937669149e-01 3.244954315007901187e+02
8.771092357280415586e-01 3.244951751291348501e+02
8.775069607381673631e-01 3.244942111046687501e+02
8.776240605675771356e-01 3.244935338992494849e+02
8.774408856604233309e-01 3.244931103383030404e+02
8.774545812296469238e-01 3.244928257600305415e+02
8.774833611878933848e-01 3.244926071543993089e+02
8.772160947977200030e-01 3.244919540445086454e+02
8.774917131612680610e-01 3.244915671425809478e+02
8.777519321781723782e-01 3.244916486733354191e+02
8.776791482162069613e-01 3.244912950653927624e+02
8.776009075085178246e-01 3.244911934079788125e+02
8.777133097607084933e-01 3.244909454657802144e+02
8.772252207250169631e-01 3.244906641707837025e+02
8.773384973353484106e-01 3.244903547545629294e+02
8.771561998648731429e-01 3.244896364971908156e+02
8.773397015839137225e-01 3.244889021638482518e+02
8.771029649385555516e-01 3.244883808550042090e+02
8.769157560095001136e-01 3.244871331547268483e+02
8.766392196852992313e-01 3.244859142339182654e+02
8.765503862342749475e-01 3.244844396931052302e+02
8.768471764835087390e-01 3.244830344554515023e+02
8.768649091631155468e-01 3.244822762092003927e+02
8.768960069912518085e-01 3.244819613842813624e+02
8.768379225475262384e-01 3.244812818758109643e+02
8.769227377373469690e-01 3.244805588956635916e+02
8.770468947772117607e-01 3.244799721631297302e+02
8.771910678072448730e-01 3.244801147499830449e+02
8.776241963503970123e-01 3.244802870389534064e+02
8.774131127976351197e-01 3.244803317760449204e+02
8.776823058800637956e-01 3.244808764041553673e+02
8.777445685284989141e-01 3.244814585374060130e+02
8.777251744971034109e-01 3.244818421308459051e+02
8.777331561799024406e-01 3.244823717743669249e+02
8.774598616471085410e-01 3.244825199509463118e+02
8.776907739885426718e-01 3.244832454639152388e+02
8.783532987134937686e-01 3.244840000594990101e+02
8.779146370761312657e-01 3.244850906340810184e+02
8.779072131729055428e-01 3.244855210403595720e+02
8.779355911692274805e-01 3.244858010505714674e+02
8.776894547166450566e-01 3.244865638860974855e+02
8.777198139750170824e-01 3.244867647499151531e+02
8.774701914362160737e-01 3.244867094918920998e+02
8.771042417461291096e-01 3.244860339841777090e+02
8.770068830690312955e-01 3.244856895608036780e+02
8.771305896410083180e-01 3.244849181990603029e+02
8.771438230611879883e-01 3.244844340928450492e+02
8.772902341760800971e-01 3.244842715174707450e+02
8.772973308699690831e-01 3.244840963021092080e+02
8.772156637220456243e-01 3.244841704955097157e+02
8.774706378083090286e-01 3.244841787737755681e+02
8.776418679811859302e-01 3.244840906546296537e+02
8.775840790183848661e-01 3.244845236912683504e+02
8.776033399813831792e-01 3.244845314720360534e+02
8.778051067702482557e-01 3.244846884950561616e+02
8.779186167751021896e-01 3.244850431587530011e+02
8.779794940353236044e-01 3.244859617943014314e+02
8.786610182717936590e-01 3.244871739277756433e+02
8.784271071197715663e-01 3.244886871870166374e+02
8.779609784718569454e-01 3.244895516274455076e+02
8.777853115302919340e-01 3.244900310772551393e+02
8.778923771277329369e-01 3.244902845756406577e+02
8.774896782106187398e-01 3.244903088038630017e+02
8.772890742459228397e-01 3.244898637283444032e+02
8.771079902226944780e-01 3.244894851713904131e+02
8.772578599680505018e-01 3.244888301497021530e+02
8.773369411064358969e-01 3.244885629882160742e+02
8.773743177144196492e-01 3.244885277818999612e+02
8.773537385517814480e-01 3.244888776360672864e+02
8.769577530343222183e-01 3.244883349953250331e+02
8.771250701877174594e-01 3.244877503728992565e+02
8.770739786013147521e-01 3.244867981804621309e+02
8.770587841495474102e-01 3.244859532177346750e+02
8.772810077316760546e-01 3.244860810784547311e+02
8.770943386352022531e-01 3.244857035560804093e+02
8.771582741309780218e-01 3.244851437105311902e+02
8.771380993068225163e-01 3.244850049417101445e+02
8.770568513530658805e-01 3.244844281468808163e+02
8.770063878936835700e-01 3.244832125589862244e+02
8.772497691491240035e-01 3.244831458039757877e+02
8.767588757115158948e-01 3.244823923499899934e+02
8.765504053916768346e-01 3.244814751113157172e+02
8.766741185515826151e-01 3.244805233430219573e+02
8.767745068399916963e-01 3.244798117795968437e+02
8.774137880624439667e-01 3.244794574735950619e+02
8.775362110375839464e-01 3.244798899761624398e+02
8.773920493842458646e-01 3.244804202023217385e+02
8.773557315329931772e-01 3.244807634708676005e+02
8.771637855944011131e-01 3.244807047231611250e+02
8.772221153236546831e-01 3.244811606260994949e+02
8.777729531010315389e-01 3.244820082252787188e+02
8.777342997729274954e-01 3.244828175832016086e+02
8.776257195118090104e-01 3.244829918459739133e+02
8.777702426085162157e-01 3.244835206213530796e+02
8.776444963496201623e-01 3.244841820171841960e+02
8.774621727585669717e-01 3.244841539813680242e+02
8.771204845802774708e-01 3.244840581916224096e+02
8.770451361176331284e-01 3.244837911057758220e+02
8.769182053394266596e-01 3.244835794086242231e+02
8.772403365098953021e-01 3.244831986899793606e+02
8.773423037076933939e-01 3.244832560916455009e+02
8.773306722371773114e-01 3.244829017114362273e+02
8.770876433421036511e-01 3.244821994285358642e+02
8.769665592903873597e-01 3.244820247188178541e+02
8.773772549458386250e-01 3.244818141521503208e+02
8.775195919540673684e-01 3.244819398323608084e+02
8.773417113031859449e-01 3.244817201851428763e+02
8.771337738110920323e-01 3.244818447028205810e+02
8.772433085849022927e-01 3.244811149130935632e+02
8.777102931578398826e-01 3.244806819978613248e+02
8.777150402516644689e-01 3.244813121570212502e+02
8.779877427056923533e-01 3.244820378898556896e+02
8.778748851241158224e-01 3.244829705468671932e+02
8.777980603276898108e-01 3.244832834610662644e+02
8.776178819188681368e-01 3.244835764882930107e+02
8.775143765235933202e-01 3.244839194226065047e+02
8.775316117460273402e-01 3.244842658177826706e+02
8.775547493116252484e-01 3.244848608315581941e+02
8.774918198844453565e-01 3.244845990026170170e+02
8.769832101525497636e-01 3.244844674879589093e+02
8.768862775750996263e-01 3.244839300832259141e+02
8.770965108598618443e-01 3.244835760222388785e+02
8.770515110245286072e-01 3.244830092446687786e+02
8.771789216172526382e-01 3.244825055655100527e+02
8.767694695573481356e-01 3.244821480078903733e+02
8.767524953656397058e-01 3.244809583108041124e+02
8.773547211777649180e-01 3.244811189018778350e+02
8.771655823199570046e-01 3.244813874484961502e+02
8.771792534684840215e-01 3.244810407632506326e+02
8.771386058917346462e-01 3.244804642229233878e+02
8.772454717708954020e-01 3.244807054040838352e+02
8.773363513400785907e-01 3.244802291217567358e+02
8.770521309924189657e-01 3.244803045129096972e+02
8.775699690238034645e-01 3.244803366989268625e+02
8.776099251992821593e-01 3.244810312261170679e+02
8.776264042605794735e-01 3.244813153729531336e+02
8.774214887594861123e-01 3.244817972972256257e+02
8.774795539002977485e-01 3.244820251392289379e+02
8.773981252118355778e-01 3.244821513189133952e+02
8.773621028345912620e-01 3.244824767982959202e+02
8.776201223460923240e-01 3.244823349031204316e+02
8.781179485723907829e-01 3.244830055824725719e+02
8.781316172982757129e-01 3.244843853592502114e+02
8.778996362441491286e-01 3.244851921325941362e+02
8.782655395096126139e-01 3.244862021457777814e+02
8.783028759701625443e-01 3.244872845764026579e+02
8.786151038079877962e-01 3.244889050692008254e+02
8.787392951867724067e-01 3.244904383359410645e+02
8.786638303148113227e-01 3.244916913875943578e+02
8.783363425804058267e-01 3.244928721603646977e+02
8.783405554663382686e-01 3.244934237659758764e+02
8.783400969142175496e-01 3.244947995132988581e+02
8.783830468364743904e-01 3.244961227522794047e+02
8.780835080124324010e-01 3.244968773632519401e+02
8.780036103386118507e-01 3.244971533281701568e+02
8.780560496634850498e-01 3.244974719370447929e+02
8.782594482750681886e-01 3.244978633202821356e+02
8.781707249006343030e-01 3.244981944450259448e+02
8.778840835585021152e-01 3.244986355930074069e+02
8.782387378191214289e-01 3.244987566506746930e+02
8.781206586287840787e-01 3.244988217603397516e+02
8.781755747017168101e-01 3.244992179060533317e+02
8.781862646544319473e-01 3.244998470542578275e+02
8.781252286364130688e-01 3.245001017242753392e+02
8.780638585548401487e-01 3.245001232069176353e+02
8.778349993775593774e-01 3.244997903596261040e+02
8.774296299339839900e-01 3.244994644368023842e+02
8.778202833623821588e-01 3.244993387933497502e+02
8.777333129187379068e-01 3.244988352526332278e+02
8.772203137753679103e-01 3.244985614339768745e+02
8.772143671851609925e-01 3.244975593880316751e+02
8.773117906392063903e-01 3.244967711020238426e+02
8.774672031650893045e-01 3.244958936705242536e+02
8.772192924475373799e-01 3.244955257672976927e+02
8.777159399890739344e-01 3.244953718509964915e+02
8.777277093259608920e-01 3.244952204216639871e+02
8.782084621732172414e-01 3.244954957416467209e+02
8.782024916716717478e-01 3.244965729784061068e+02
8.780734554806457481e-01 3.244973546066909194e+02
8.779653591677595292e-01 3.244976783880803168e+02
8.780463168220673520e-01 3.244978468307958792e+02
8.779669839147776766e-01 3.244978513328866256e+02
8.782563401397525116e-01 3.244982621442089794e+02
8.787019970612579556e-01 3.244993346850088187e+02
8.782522208932499463e-01 3.245002235288037014e+02
8.779818857861635406e-01 3.245003845122402595e+02
8.776941722543833979e-01 3.245003328007685468e+02
8.775338465232145335e-01 3.244998584866224292e+02
8.778335476129764947e-01 3.245000006415243661e+02
8.778057079532911589e-01 3.244998098366768886e+02
8.779069719271178629e-01 3.244996591346327364e+02
8.777370745104495775e-01 3.244997435232766634e+02
8.775978275548389496e-01 3.244992100651448368e+02
8.777744576099174578e-01 3.244989556599792309e+02
8.775699670083736414e-01 3.244987838525050279e+02
8.774659291978179620e-01 3.244984621050683700e+02
8.777898375249159058e-01 3.244981369247222460e+02
8.777051783001085239e-01 3.244978953931888555e+02
8.776132357699758524e-01 3.244971344555071369e+02
8.775201419630204169e-01 3.244968955833535347e+02
8.775390874731141544e-01 3.244962633219994927e+02
8.770451881557685958e-01 3.244953930790812251e+02
8.771639410053018171e-01 3.244946604519877837e+02
8.772934383972849082e-01 3.244941018609250136e+02
8.777960792154125835e-01 3.244934547552789468e+02
8.780517418071009939e-01 3.244936880137179287e+02
8.780894485242993763e-01 3.244943173714285649e+02
8.780238726288460693e-01 3.244949240730717861e+02
8.780273774519988805e-01 3.244953012724186578e+02
8.779577347795166631e-01 3.244954616402492888e+02
8.782981073538894679e-01 3.244958887935917460e+02
8.782910038872067116e-01 3.244966011535885855e+02
8.785520494625708166e-01 3.244975062580621170e+02
8.782928699110423842e-01 3.244983583002023124e+02
8.784087048061508529e-01 3.244991445521558830e+02
8.784273333561801733e-01 3.245000753234542685e+02
8.786473023218291933e-01 3.245013112899897578e+02
8.786338281290688723e-01 3.245021629222155752e+02
8.785904714921676240e-01 3.245032546985208910e+02
8.784605728303495065e-01 3.245040066036069675e+02
8.781825745148769125e-01 3.245043341463149886e+02
8.784344609976116880e-01 3.245044988899381906e+02
8.781756601827397368e-01 3.245046042530030945e+02
8.778109665958471197e-01 3.245046290106859601e+02
8.777212654125077229e-01 3.245043954852719139e+02
8.777695684205097937e-01 3.245032249600590148e+02
8.776791344125560723e-01 3.245027907675458323e+02
8.775464893501178087e-01 3.245020242228053462e+02
8.774814772051211520e-01 3.245012524226705750e+02
8.773848187130292020e-01 3.245004639935169166e+02
8.775376116739436183e-01 3.244990994330902936e+02
8.775819183512911792e-01 3.244982998535585352e+02
8.775905725207697738e-01 3.244981359257623694e+02
8.774908979553703858e-01 3.244978980991933781e+02
8.777387016079239990e-01 3.244973596498315374e+02
8.773399362062211937e-01 3.244967163164190538e+02
8.776977921774240521e-01 3.244964143766634379e+02
8.776021456802899356e-01 3.244963048991475034e+02
8.770646903589212062e-01 3.244956484128653074e+02
8.769839277108090192e-01 3.244941230001440431e+02
8.767186567829510224e-01 3.244927602480441919e+02
8.770373118898662224e-01 3.244915908195948759e+02
8.769184080404960335e-01 3.244906636655566672e+02
8.771810179220885795e-01 3.244895168356948716e+02
8.775082579754686085e-01 3.244893152872949713e+02
8.778349232482594022e-01 3.244892492907335964e+02
8.776514931823710119e-01 3.244894822534773198e+02
8.780135797792575358e-01 3.244898503091311568e+02
8.779609782044034416e-01 3.244901910675815770e+02
8.784886655958764612e-01 3.244912064189944658e+02
8.788577966355820559e-01 3.244928373324839299e+02
8.793710742946764247e-01 3.244947868855678053e+02
8.794829487025023207e-01 3.244971077791877860e+02
8.788958665851782648e-01 3.244987902802685085e+02
8.786556826842614187e-01 3.245000740467964988e+02
8.782123836026629604e-01 3.245005124533556113e+02
8.782278756920345320e-01 3.245010610239698394e+02
8.786669651959816418e-01 3.245016718899339594e+02
8.783766394329423077e-01 3.245023274598910916e+02
8.778933169760417821e-01 3.245022338270320574e+02
8.777970964192496339e-01 3.245015871738628448e+02
8.777877412910682908e-01 3.245008261183324976e+02
8.781718356871547337e-01 3.245011963108607915e+02
8.781721373091708749e-01 3.245016832746615023e+02
8.780698891717302335e-01 3.245020945664455780e+02
8.778528274090090511e-01 3.245021259940150458e+02
8.776839687806645696e-01 3.245015796424933683e+02
8.774477947051668725e-01 3.245006790702855142e+02
